Banana 0.0 561.599488 36.800256000000005 696.000512
Banana 0.0 652.8 49.599744 761.6
Banana 39.999744 667.200512 65.600256 729.6
Banana 76.80000000000001 923.200512 288.0 1022.400512
Banana 102.399744 868.799488 318.399744 960.0
Banana 107.19974400000001 964.799488 230.39999999999998 1022.400512
Banana 115.19999999999999 59.200512 724.8 432.0
Banana 134.39999999999998 569.6 345.6 705.599488
Banana 265.599744 979.2 471.99974399999996 1022.400512
Banana 303.99974399999996 420.799488 428.799744 524.8
Banana 312.0 588.8 363.20025599999997 638.400512
Banana 353.600256 583.999488 412.79999999999995 641.599488
Banana 412.79999999999995 388.799488 595.2 558.400512
Banana 420.800256 385.600512 470.40000000000003 457.6
Banana 480.0 423.999488 766.400256 843.200512
Banana 548.7997439999999 894.400512 646.400256 1022.400512
Banana 617.600256 944.0 663.999744 1022.400512
Banana 620.7997439999999 894.400512 718.400256 1022.400512
