Banana 83.840256 712.96 106.880256 743.04
Banana 96.63974400000001 733.44 227.840256 775.04
Banana 103.040256 716.8 230.39999999999998 745.6
Banana 103.68 625.28 192.0 656.0
Banana 128.000256 700.8 232.959744 720.64
Banana 264.96 676.48 397.43999999999994 725.12
Banana 273.920256 756.48 402.56025600000004 794.88
Banana 280.32 734.72 394.23974400000003 762.24
Banana 280.32 709.12 399.36 733.44
Banana 305.28000000000003 628.48 399.99974399999996 662.4
Banana 631.6800000000001 6.4 767.360256 543.36
