Banana 101.12 268.160256 285.44 394.23974400000003
Banana 254.08 474.239808 285.44 529.9200000000001
Banana 275.84 519.039936 320.0 570.8799359999999
Banana 285.44 446.079744 330.24 501.12
Banana 309.12 520.959744 352.64 566.399808
Banana 319.36 448.64006400000005 354.56 504.320256
Banana 341.76 516.480192 385.28 566.399808
Banana 354.56 449.28000000000003 388.48 511.360128
Banana 364.8 520.3198080000001 403.84 575.360064
Banana 392.32 462.719808 435.84 515.840256
Banana 394.88 420.48 439.04 462.719808
Banana 405.12 528.000192 435.84 563.840064
Banana 427.52 469.11974399999997 463.36 523.5200639999999
