Balloon 0.0 314.215814 12.8 348.59543399999995
Balloon 0.0 345.397536 16.0 371.78207000000003
Balloon 6.4 323.81019000000003 39.199744 355.791216
Balloon 55.199744 327.808074 75.199488 351.794014
Balloon 99.999744 339.801044 122.399744 364.58628799999997
Balloon 231.999488 513.299116 274.400256 559.671706
Balloon 243.999744 330.206668 264.800256 352.593318
Balloon 264.800256 493.310378 307.2 535.6857660000001
Balloon 353.600512 370.982084 377.6 398.16660399999995
Balloon 359.199744 358.989114 385.600512 382.17575
Balloon 373.600256 346.99682600000006 391.999488 374.979968
Balloon 374.4 339.001058 400.0 357.39050599999996
Balloon 386.400256 331.005972 403.999744 350.99402799999996
Balloon 387.999744 319.013002 408.000512 340.600348
Balloon 400.0 306.220728 418.400256 323.010886
Balloon 400.799744 315.01511800000003 412.8 331.005972
Balloon 410.399744 292.628468 419.999744 302.222844
Balloon 410.399744 299.82425 420.799488 318.213016
Balloon 451.2 369.38347600000003 461.599744 386.173634
Balloon 456.800256 350.99402799999996 464.799744 369.38347600000003
Balloon 460.8 328.607378 468.799488 346.99682600000006
Balloon 468.799488 326.20878400000004 483.999744 335.003856
Balloon 476.000256 311.017916 489.6 327.008088
Balloon 499.999744 304.62143799999996 521.6 327.008088
Balloon 513.599488 319.013002 528.799744 335.003856
Balloon 526.400512 290.229874 544.799744 316.61440799999997
Balloon 544.799744 406.960994 599.199744 495.708972
Balloon 552.800256 292.628468 570.399744 315.01511800000003
Balloon 564.799488 302.222844 581.600256 323.010886
Balloon 620.000256 263.84534 640.0 282.234788
Balloon 621.599744 498.90755199999995 696.800256 563.66959
Balloon 633.6 438.14271599999995 682.399744 485.315292
Balloon 672.0 284.63338200000004 696.800256 311.017916
Balloon 688.799744 263.84534 713.6 286.23199
Balloon 699.200512 331.005972 747.200512 371.78207000000003
Balloon 704.799744 265.44462999999996 727.199744 280.635498
Balloon 716.8 308.619322 761.6 348.59543399999995
Balloon 733.599744 349.394738 778.399744 385.373648
Balloon 775.199744 261.446746 800.799744 282.234788
Balloon 787.2 67.16063199999999 809.6 93.54516600000001
Balloon 807.999488 407.76098 860.8 465.32723599999997
Balloon 811.200512 68.75992199999999 835.2 92.745862
Balloon 833.599488 80.752892 858.399744 107.137426
Balloon 874.399744 80.752892 898.400256 103.93884600000001
Balloon 894.400512 89.547282 917.600256 119.130396
Balloon 914.400256 89.547282 945.599488 115.13251199999999
