Balloon 0.0 119.09588 181.12 402.74972
Balloon 97.92 0.0 174.08 50.583839999999995
Balloon 121.6 76.83592 293.76 313.10735999999997
Balloon 190.08 0.0 309.12 160.71596
Balloon 286.08 245.23520000000002 426.24 456.535
Balloon 301.44 0.0 335.36 20.48976
Balloon 318.72 462.93788 412.8 574.99032
Balloon 321.28 71.71348 432.64 216.42156000000003
Balloon 356.48 55.70627999999999 457.6 206.81724
Balloon 364.8 216.42156000000003 473.6 400.18816000000004
Balloon 386.56 0.0 456.32 60.188159999999996
Balloon 406.4 481.50664 473.6 571.78888
Balloon 428.8 194.01147999999998 508.8 325.27324
Balloon 431.36 72.99459999999999 499.84 176.72315999999998
Balloon 472.32 480.2262 547.2 558.98312
Balloon 481.28 336.79856 595.2 503.9174
Balloon 519.04 122.93788 584.96 217.70268000000002
Balloon 523.52 233.70988000000003 597.76 340.0
Balloon 571.52 354.08687999999995 671.36 509.03984
Balloon 617.6 297.74004 668.8 343.84200000000004
Balloon 624.0 329.11456 684.8 389.3034
Balloon 666.24 491.75152 723.84 562.82512
Balloon 667.52 295.17916 727.68 360.48976000000005
Balloon 672.64 359.20932 727.68 432.8438
Balloon 676.48 432.8438 737.28 530.16948
Balloon 717.44 409.1526 776.32 481.50664
Balloon 730.88 370.09407999999996 755.2 406.59104
