Balloon 204.16 550.432551 335.36 680.3598599999999
Balloon 205.44 166.409841 251.52 218.89314900000002
Balloon 226.56 121.606851 264.32 168.96972
Balloon 227.84 216.33258899999998 235.52 229.133346
Balloon 235.52 196.491654 301.44 270.096177
Balloon 235.52 124.167411 304.0 197.77193400000002
Balloon 313.6 659.878785 380.16 680.3598599999999
Balloon 334.08 551.7121500000001 466.56 680.3598599999999
Balloon 637.44 650.278047 739.84 680.3598599999999
Balloon 642.56 542.7515520000001 755.2 656.678766
Balloon 732.16 634.917411 813.44 680.3598599999999
Balloon 736.0 158.729523 776.32 195.851514
Balloon 750.08 533.7916349999999 860.16 646.437888
Balloon 756.48 197.131794 769.92 212.49242999999998
Balloon 769.92 198.41139299999998 776.32 213.77271000000002
Balloon 776.32 163.849962 793.6 177.290178
Balloon 807.68 646.437888 846.08 680.3598599999999
Balloon 956.16 613.796196 1023.36 680.3598599999999
Balloon 1012.48 584.994663 1023.36 641.317449
