Balloon 198.656 445.434842 350.208 649.208575
Balloon 247.808 350.20415199999997 337.92 450.55460999999997
Balloon 327.68 379.899626 503.808 542.713849
Balloon 335.872 369.659407 399.36 430.074855
Balloon 417.792 344.05988399999995 463.872 393.211296
Balloon 524.288 374.77985800000005 602.112 467.96223100000003
Balloon 535.552 314.36441 588.8 388.09152800000004
Balloon 587.776 330.748214 687.104 432.123172
Balloon 614.4 550.905751 655.36 590.840761
Balloon 656.384 541.689349 677.888 569.337189
Balloon 661.504 400.379381 697.344 456.698878
Balloon 669.696 487.41816900000003 748.544 578.552908
Balloon 672.768 551.929568 737.28 599.032663
Balloon 761.856 521.2095939999999 812.032 582.648859
Balloon 797.696 521.2095939999999 841.728 546.8098
Balloon 805.888 538.617898 855.04 579.577408
Balloon 914.432 470.010548 948.224 538.617898
