Balloon 0.0 530.510005 69.12 620.2104439999999
Balloon 40.32 666.9822839999999 74.24 682.359346
Balloon 160.64 651.605222 209.28 682.359346
Balloon 164.48 575.360566 239.36 670.185554
Balloon 254.08 630.461591 294.4 682.359346
Balloon 285.44 627.898975 332.8 658.0124450000001
Balloon 326.4 627.898975 387.84 672.7488529999999
Balloon 521.6 610.599268 595.2 682.359346
Balloon 558.08 580.485798 581.76 618.928453
Balloon 608.0 591.378282 634.24 606.755344
Balloon 675.2 615.725183 695.04 663.1376769999999
Balloon 696.32 90.34041 851.2 255.00351400000002
Balloon 757.76 556.779551 837.76 658.0124450000001
Balloon 824.96 599.066813 846.72 638.150122
Balloon 845.44 561.905466 870.4 579.20449
Balloon 876.16 493.989995 935.04 565.108736
Balloon 917.76 566.390044 965.12 620.2104439999999
