Balloon 69.76 618.24 93.44 644.480256
Balloon 84.48 548.480256 99.84 563.840256
Balloon 103.04 399.99974399999996 122.88 422.40000000000003
Balloon 200.32 337.92 231.04 373.760256
Balloon 264.32 661.760256 285.44 680.319744
Balloon 269.44 531.2002560000001 298.24 558.72
Balloon 274.56 631.6800000000001 296.96 659.199744
Balloon 426.88 682.880256 434.56 695.04
Balloon 449.28 627.84 461.44 638.079744
Balloon 491.52 622.08 519.68 651.519744
Balloon 515.2 348.159744 545.92 380.15999999999997
Balloon 574.72 664.3199999999999 586.88 675.2002560000001
Balloon 668.8 508.79999999999995 700.8 538.880256
Balloon 724.48 701.439744 743.04 721.280256
Balloon 774.4 351.36 814.08 392.319744
Balloon 777.6 389.76 811.52 426.24
Balloon 853.76 348.159744 920.32 424.959744
Balloon 949.12 672.639744 965.12 685.4399999999999
