Balloon 337.92 140.799744 389.76 201.60000000000002
Balloon 356.48 522.8797440000001 397.44 592.640256
Balloon 413.44 534.399744 459.52 588.800256
Balloon 476.8 529.280256 503.04 561.2797439999999
Balloon 506.24 704.000256 541.44 767.360256
Balloon 515.2 584.960256 544.64 620.7997439999999
Balloon 585.6 213.12 640.64 271.359744
Balloon 611.84 598.400256 688.64 661.760256
Balloon 707.2 603.519744 755.84 657.920256
Balloon 729.6 346.880256 790.4 407.679744
Balloon 752.0 584.960256 817.92 632.319744
Balloon 938.24 473.60025599999994 987.52 526.719744
