Balloon 254.72 634.239744 397.44 767.360256
Balloon 266.88 463.359744 382.08 591.999744
Balloon 272.0 578.559744 302.72 667.520256
Balloon 298.24 529.92 442.88 666.24
Balloon 372.48 713.600256 439.04 767.360256
Balloon 376.32 480.63974399999995 396.16 510.08025599999996
Balloon 380.8 454.400256 516.48 603.519744
Balloon 389.76 608.000256 532.48 767.360256
Balloon 451.84 428.15999999999997 551.04 547.2
Balloon 474.24 535.040256 617.6 661.760256
Balloon 502.4 657.920256 554.88 760.959744
Balloon 528.64 109.44 646.4 219.519744
Balloon 538.24 453.12 673.92 574.719744
Balloon 547.2 464.64 576.0 499.20000000000005
Balloon 604.16 573.440256 668.8 645.12
Balloon 992.64 39.680256 1023.36 108.15974400000002
