Balloon 0.0 497.999888 7.999488 546.999674
Balloon 0.0 247.00012 19.00032 343.99978
Balloon 39.999488 522.999737 145.999872 635.000126
Balloon 120.999936 445.99968300000006 279.000064 626.0002350000001
Balloon 225.000448 514.9997579999999 332.000256 631.999707
Balloon 451.00032 473.00003899999996 576.0 637.999862
Balloon 460.000256 544.99985 515.00032 637.999862
Balloon 476.000256 21.000201 954.000384 611.000189
Balloon 549.000192 428.99981299999996 753.999872 619.000168
Balloon 551.000064 504.999955 625.000448 635.000126
Balloon 766.999552 566.999963 828.99968 631.999707
Balloon 842.000384 503.000131 974.999552 627.000147
Balloon 917.999616 417.00018600000004 1022.999552 582.999921
Balloon 958.999552 588.000164 1022.999552 639.999686
Balloon 970.999808 552.999829 1015.000064 591.999812
