Balloon 149.76 267.519744 165.76 280.959744
Balloon 174.72 207.999744 189.44 226.56
Balloon 175.36 0.0 187.52 12.800256000000001
Balloon 208.0 91.52025599999999 223.36 110.07974399999999
Balloon 264.96 255.999744 280.32 278.4
Balloon 275.2 37.760256 291.2 58.880256
Balloon 302.72 154.239744 321.28 172.8
Balloon 312.32 21.759744 328.32 39.039744
Balloon 329.6 267.519744 339.84 279.680256
Balloon 332.16 210.56025599999998 349.44 229.11974400000003
Balloon 346.88 88.32000000000001 366.72 104.31974400000001
Balloon 354.56 557.439744 370.56 576.0
Balloon 379.52 543.999744 395.52 563.840256
Balloon 394.24 129.279744 412.8 149.120256
Balloon 398.08 330.879744 412.8 345.6
Balloon 439.04 176.000256 457.6 193.92000000000002
Balloon 441.6 309.759744 457.6 327.03974400000004
Balloon 441.6 209.91974399999998 460.16 233.600256
Balloon 447.36 723.84 469.76 750.080256
Balloon 464.64 359.679744 478.72 379.520256
Balloon 506.88 221.43974400000002 520.96 238.71974400000002
Balloon 508.16 88.959744 525.44 104.96025600000002
Balloon 512.0 357.12 526.72 379.520256
Balloon 534.4 88.959744 552.96 106.239744
Balloon 551.68 192.0 565.12 209.28000000000003
Balloon 555.52 722.559744 570.24 739.839744
Balloon 568.96 283.520256 583.68 296.96025599999996
Balloon 572.8 14.720256 584.96 28.160255999999997
Balloon 592.64 88.959744 607.36 104.96025600000002
Balloon 596.48 88.959744 613.76 108.80025599999999
Balloon 604.8 19.200000000000003 618.88 35.840256
Balloon 608.64 192.0 620.16 205.44
Balloon 613.76 104.96025600000002 625.92 113.919744
Balloon 622.08 1.92 633.6 17.919744
Balloon 623.36 169.599744 643.2 190.719744
Balloon 631.04 204.159744 644.48 220.160256
Balloon 641.92 35.840256 650.88 48.0
Balloon 641.92 227.840256 650.88 243.84
Balloon 666.88 62.720256000000006 681.6 75.519744
Balloon 669.44 481.91999999999996 694.4 512.000256
Balloon 672.0 110.07974399999999 681.6 122.240256
Balloon 689.28 174.72 698.24 190.719744
Balloon 732.8 382.08 752.64 405.75974400000007
Balloon 777.6 430.719744 798.72 453.75974400000007
Balloon 821.76 510.08025599999996 841.6 531.2002560000001
Balloon 835.84 378.24 858.24 405.75974400000007
Balloon 865.28 476.15999999999997 890.24 501.12
Balloon 902.4 364.79999999999995 929.92 392.319744
