Balloon 0.0 219.739632 17.92 251.13100799999998
Balloon 0.0 9.609591 21.76 107.62728299999999
Balloon 0.0 124.924683 26.88 224.864838
Balloon 88.96 94.174128 172.8 149.269071
Balloon 113.92 3.203424 200.32 89.68974299999999
Balloon 127.36 140.30030100000002 172.8 196.67620499999998
Balloon 150.4 46.766994 215.04 115.95591300000001
Balloon 209.92 55.735764 252.8 113.39331
Balloon 483.84 221.020593 593.92 349.78952100000004
Balloon 497.28 147.98811 588.8 219.739632
Balloon 557.44 214.61442599999998 571.52 237.03635100000002
Balloon 568.96 181.94140800000002 664.96 283.162524
Balloon 571.52 144.784686 621.44 189.629217
