Balloon 0.0 307.98492 10.88 364.33176
Balloon 0.64 293.25816 68.48 361.7702
Balloon 47.36 299.66104 128.64 381.6194
Balloon 108.16 241.39388 216.96 379.6984
Balloon 120.96 152.3914 186.88 231.14899999999997
Balloon 135.68 341.921 192.0 378.41796
Balloon 185.6 358.56876 202.24 375.21652
Balloon 188.16 341.921 258.56 381.6194
Balloon 197.12 270.20684 278.4 377.77808000000005
Balloon 247.04 310.54648 291.84 375.85708
Balloon 279.68 310.54648 373.12 390.58384
Balloon 291.84 205.53679999999997 403.2 368.17307999999997
Balloon 293.12 0.0 364.8 45.4614
Balloon 368.0 286.85528 418.56 374.57596
Balloon 404.48 281.73284 476.8 368.17307999999997
Balloon 449.28 220.90412 573.44 370.73463999999996
Balloon 455.68 340.64056 490.88 373.29552
Balloon 518.4 349.60432000000003 564.48 382.90052
Balloon 545.92 315.66824 585.6 370.73463999999996
Balloon 569.6 284.29372 615.68 359.20932
Balloon 576.0 325.91312 724.48 384.18096
Balloon 604.16 277.89084 685.44 341.921
Balloon 691.84 303.50304 792.96 376.49696000000006
Balloon 773.12 126.13932 914.56 274.6894
Balloon 801.92 296.4596 864.64 373.93608
Balloon 870.4 233.70988000000003 992.0 363.6912
Balloon 934.4 312.4668 1023.36 371.37452
