Balloon 375.04 170.89014 513.92 329.619663
Balloon 393.6 0.0 566.4 145.928766
Balloon 487.68 231.053766 658.56 385.942449
Balloon 531.2 152.328804 650.24 256.01514
Balloon 545.28 0.0 726.4 87.04542
Balloon 556.16 49.922748 701.44 136.328028
Balloon 648.96 142.088607 813.44 287.376552
Balloon 658.56 275.85607500000003 833.92 439.706037
Balloon 682.24 51.203028 797.44 156.168963
Balloon 727.68 0.0 819.84 19.840935
Balloon 769.92 0.0 994.56 177.290178
Balloon 796.16 168.32958000000002 886.4 225.933327
