Balloon 0.64 549.09102 121.6 682.359346
Balloon 15.36 282.554368 65.28 338.29672999999997
Balloon 30.72 176.19624199999998 85.76 240.90776
Balloon 41.6 348.54787699999997 96.64 404.930893
Balloon 141.44 28.191508 183.68 71.76007800000001
Balloon 209.92 45.490531999999995 234.88 71.76007800000001
Balloon 268.16 279.351098 284.8 297.290776
Balloon 268.16 627.898975 285.44 649.041923
Balloon 275.84 377.380039 304.64 408.134163
Balloon 290.56 298.57208399999996 327.04 339.578038
Balloon 364.8 502.31918 453.12 595.86286
Balloon 432.0 428.63714000000004 475.52 472.20571
Balloon 435.84 308.182577 458.24 331.889507
Balloon 448.0 508.726403 479.36 539.480527
Balloon 458.24 567.671352 517.12 634.305515
Balloon 512.0 602.910737 525.44 618.928453
Balloon 518.4 408.134163 570.88 460.672572
Balloon 583.04 410.056125 599.68 431.199756
Balloon 610.56 106.99878 632.96 129.423719
Balloon 634.24 529.8693509999999 670.72 569.5939970000001
Balloon 652.16 486.942118 685.44 526.025427
Balloon 668.16 595.86286 716.8 647.119961
Balloon 672.0 282.554368 710.4 322.918985
Balloon 678.4 654.808492 696.96 673.3895070000001
Balloon 678.4 432.481064 719.36 477.330942
Balloon 744.32 529.228697 753.28 540.121181
Balloon 762.88 497.83391900000004 778.24 513.851635
Balloon 783.36 245.393021 809.6 276.14714499999997
Balloon 792.96 645.838653 820.48 673.3895070000001
Balloon 826.88 438.888287 844.16 454.265349
Balloon 867.84 568.312689 888.32 588.814983
Balloon 885.76 616.3658369999999 901.76 631.102245
Balloon 887.04 442.732894 900.48 455.546657
Balloon 906.88 553.576281 920.32 563.827428
Balloon 938.24 629.8209370000001 947.84 637.509468
Balloon 945.28 663.778331 964.48 682.359346
Balloon 949.12 493.989995 997.76 543.965105
Balloon 989.44 667.622938 1002.88 682.359346
