Balloon 10.24 0.0 71.68 44.236473
Balloon 71.68 12.822018000000002 125.44 62.187534
Balloon 119.04 28.208754 167.68 78.215253
Balloon 152.96 45.518831999999996 192.0 79.497612
Balloon 185.6 44.236473 218.24 84.626262
Balloon 214.4 51.929841 235.52 83.344296
Balloon 232.96 70.521885 269.44 95.52533100000001
Balloon 235.52 57.058884000000006 263.04 84.626262
Balloon 256.64 78.215253 285.44 105.78302400000001
Balloon 270.72 84.626262 295.68 113.476392
Balloon 285.44 88.472946 306.56 114.758751
Balloon 300.16 88.472946 314.24 112.19403299999999
Balloon 309.12 104.500665 335.36 125.657427
Balloon 310.4 95.52533100000001 325.12 112.19403299999999
Balloon 321.92 107.065383 340.48 123.093102
Balloon 327.68 117.964059 348.16 134.63276100000002
Balloon 343.04 117.964059 436.48 210.925065
Balloon 501.76 169.252917 509.44 180.151593
Balloon 518.4 172.458225 529.28 182.716311
Balloon 547.2 173.74058399999998 556.8 182.716311
Balloon 561.92 148.737531 640.64 212.848407
Balloon 570.88 175.022943 580.48 183.998277
Balloon 631.68 146.17281300000002 647.04 165.40623300000001
Balloon 639.36 137.838462 657.92 158.995224
Balloon 648.32 136.55610299999998 668.16 151.301856
Balloon 659.2 128.86312800000002 673.28 146.17281300000002
Balloon 664.32 122.45172600000001 682.88 141.685146
Balloon 673.28 119.88740100000001 688.0 140.402787
Balloon 679.68 118.605042 699.52 147.455172
Balloon 684.16 110.27069099999999 705.92 140.402787
Balloon 699.52 102.57732299999999 727.04 128.86312800000002
Balloon 705.92 86.549604 728.32 115.39973400000001
Balloon 721.92 90.396288 746.88 115.39973400000001
Balloon 739.2 80.13859500000001 762.88 115.39973400000001
Balloon 750.72 75.009945 779.52 105.142041
Balloon 775.68 60.264192 804.48 87.831963
Balloon 803.2 51.288858000000005 834.56 93.601989
Balloon 829.44 43.59549 874.24 85.26763799999999
Balloon 870.4 35.261139 921.6 82.70291999999999
Balloon 913.28 13.463394 964.48 62.828517000000005
Balloon 971.52 0.0 1023.36 43.59549
