Balloon 0.0 228.13500000000002 36.765696 472.614
Balloon 0.0 516.879 42.212352 668.061
Balloon 32.0 212.472 109.617152 298.959
Balloon 332.255232 93.29700000000001 393.532416 169.569
Balloon 371.063808 132.79500000000002 431.660032 183.87
Balloon 379.234304 162.078 446.63808 202.25699999999998
Balloon 380.596224 67.419 441.191424 140.96699999999998
Balloon 414.63808 94.659 467.063808 168.207
Balloon 425.532416 178.422 483.403776 250.608
Balloon 428.936192 127.347 482.04288 180.465
Balloon 430.298112 207.024 485.446656 258.099
Balloon 437.106688 80.35799999999999 475.234304 121.21799999999999
Balloon 509.95712 175.017 545.36192 218.601
Balloon 535.148544 130.752 571.915264 180.465
Balloon 539.234304 193.404 574.63808 239.03099999999998
Balloon 541.95712 175.017 566.467584 197.48999999999998
Balloon 545.36192 108.279 577.36192 138.92399999999998
Balloon 548.084736 68.781 586.212352 116.45100000000001
Balloon 558.298112 25.197 599.829504 76.272
Balloon 561.701888 165.483 604.596224 210.429
Balloon 567.829504 137.562 600.510464 163.44
Balloon 569.191424 199.533 601.872384 239.03099999999998
Balloon 570.553344 79.677 612.765696 120.53699999999999
Balloon 646.808576 0.0 720.339968 28.602
Balloon 714.893312 200.214 733.27616 222.687
Balloon 718.979072 222.687 730.553344 242.43599999999998
Balloon 723.063808 175.017 733.27616 200.214
Balloon 724.425728 241.07399999999998 746.893312 254.013
Balloon 727.148544 149.139 749.617152 181.827
Balloon 728.510464 248.565 759.829504 284.658
Balloon 730.553344 179.103 802.04288 241.07399999999998
Balloon 734.63808 230.17800000000003 757.106688 252.651
Balloon 740.084736 147.777 762.553344 181.827
Balloon 740.084736 0.0 823.148544 79.677
Balloon 745.532416 136.20000000000002 768.0 147.777
Balloon 750.298112 105.55499999999999 780.936192 147.777
Balloon 751.660032 247.884 772.765696 273.762
Balloon 757.106688 305.088 806.808576 369.783
Balloon 766.63808 150.501 814.979072 221.32500000000002
Balloon 768.68096 133.476 800.68096 153.225
Balloon 768.68096 263.547 838.808576 321.43199999999996
Balloon 774.127616 213.153 833.36192 281.93399999999997
Balloon 778.212352 112.36500000000001 795.234304 126.666
Balloon 788.425728 74.229 844.936192 113.727
Balloon 795.234304 101.469 842.212352 159.354
Balloon 810.893312 157.99200000000002 871.489536 226.77300000000002
Balloon 817.020928 213.153 853.106688 232.90200000000002
Balloon 826.553344 139.605 883.063808 187.275
Balloon 861.27616 179.103 906.893312 232.90200000000002
