Balloon 755.2 568.000512 839.999488 659.2
Balloon 807.999488 643.2 892.8 716.8
Balloon 857.6 740.799488 944.0 838.4
Balloon 876.8 238.399488 920.000512 284.8
Balloon 878.400512 185.6 932.799488 240.0
Balloon 891.200512 676.799488 966.4 753.599488
Balloon 896.0 48.0 923.200512 81.599488
Balloon 896.0 156.8 952.000512 214.4
Balloon 915.2 44.8 934.4 68.800512
Balloon 916.799488 0.0 942.400512 36.799488
Balloon 921.6 257.600512 972.8 310.4
Balloon 932.799488 0.0 945.599488 16.0
Balloon 932.799488 6.4 971.200512 52.799488
Balloon 935.999488 478.399488 996.799488 547.2
Balloon 939.200512 118.4 984.000512 166.4
Balloon 942.400512 0.0 969.6 14.399488
Balloon 961.599488 286.399488 1016.000512 344.000512
Balloon 966.4 134.4 1003.200512 179.2
Balloon 977.599488 0.0 1006.400512 11.199488
Balloon 977.599488 36.799488 1012.799488 73.6
Balloon 990.400512 4.800512 1017.6 32.0
