Balloon 0.0 1.280076 62.72 117.74641199999999
Balloon 26.88 94.70916 151.04 216.294428
Balloon 29.44 0.0 78.08 3.8395420000000002
Balloon 46.08 0.0 181.76 121.585954
Balloon 72.96 213.734962 185.6 335.320916
Balloon 104.96 111.34671800000001 250.88 257.25
Balloon 116.48 328.92190800000003 156.16 442.828092
Balloon 161.28 234.212748 261.12 321.242824
Balloon 162.56 0.0 250.88 34.555878
Balloon 172.8 19.19771 286.72 149.742824
Balloon 175.36 0.0 312.32 49.914046000000006
Balloon 227.84 204.77580200000003 270.08 234.212748
Balloon 390.4 184.298702 426.24 226.53366400000002
