Balloon 232.96 187.165352 298.88 246.135164
Balloon 235.52 324.975728 282.88 385.868098
Balloon 256.64 253.186362 276.48 297.41337999999996
Balloon 265.6 214.7277 328.96 279.465868
Balloon 272.64 314.719812 344.32 383.30446
Balloon 275.2 183.319554 304.0 213.44554000000002
Balloon 295.68 167.295282 364.16 225.624014
Balloon 321.92 204.471784 384.0 271.133192
Balloon 341.76 338.436362 407.68 402.534132
Balloon 351.36 301.900258 408.96 338.436362
Balloon 366.72 182.037394 425.6 225.624014
Balloon 392.96 164.730962 451.84 223.06037600000002
Balloon 395.52 332.026244 446.72 382.02230000000003
Balloon 411.52 218.57349800000003 460.16 285.875986
Balloon 437.76 291.003944 478.08 344.84579799999995
Balloon 445.44 319.84776999999997 511.36 388.432418
Balloon 446.72 225.624014 487.68 291.003944
Balloon 450.56 164.730962 515.2 238.443568
Balloon 471.68 241.007206 531.84 303.18241800000004
Balloon 508.8 338.436362 563.84 407.020328
Balloon 508.8 187.165352 571.52 246.135164
Balloon 516.48 282.030188 579.2 343.56363799999997
Balloon 552.96 324.975728 616.32 377.53542200000004
Balloon 558.08 173.063638 608.0 199.343826
Balloon 566.4 183.319554 625.28 234.59777
Balloon 587.52 343.56363799999997 630.4 399.96981200000005
