Balloon 0.0 92.19240599999999 19.2 160.69684800000002
Balloon 0.0 163.257654 39.04 236.243676
Balloon 267.52 0.0 372.48 101.155566
Balloon 276.48 92.19240599999999 369.28 169.660008
Balloon 339.2 53.77896 440.32 145.971366
Balloon 465.28 157.49601 482.56 182.46471599999998
Balloon 467.84 183.74478 485.12 201.031068
Balloon 481.28 168.379266 503.68 186.946296
Balloon 721.28 117.16179 741.12 140.84975400000002
Balloon 728.96 144.69130199999998 741.12 157.49601
Balloon 735.36 131.246562 757.76 156.215268
Balloon 857.6 0.0 991.36 48.657348
