Balloon 25.6 265.22229799999997 75.776 327.68736
Balloon 30.72 307.2069 71.68 345.09609199999994
Balloon 71.68 278.53425599999997 119.808 345.09609199999994
Balloon 167.936 0.0 256.0 33.793099999999995
Balloon 256.0 185.34850400000002 311.296 281.60666599999996
Balloon 284.672 167.939772 359.424 281.60666599999996
Balloon 345.088 187.39655 402.432 281.60666599999996
Balloon 346.112 308.231264 378.88 363.528506
Balloon 347.136 341.0 375.808 378.88919200000004
Balloon 375.808 327.68736 411.648 360.45677800000004
Balloon 500.736 285.702758 535.552 348.16850200000005
Balloon 529.408 304.135172 551.936 357.38436800000005
Balloon 540.672 317.44713 577.536 373.768736
Balloon 910.336 261.12620599999997 966.656 336.903908
Balloon 915.456 91.138388 1022.976 240.64574600000003
Balloon 942.08 338.951954 963.584 368.64896200000004
Balloon 950.272 187.39655 1017.856 268.294026
Balloon 961.536 350.21654800000005 968.704 378.88919200000004
Balloon 964.608 259.07816 995.328 336.903908
Balloon 964.608 281.60666599999996 1022.976 355.336322
Balloon 974.848 364.55287 989.184 387.081376
Balloon 985.088 325.639314 1011.712 365.576552
Balloon 1001.472 360.45677800000004 1022.976 378.88919200000004
