Balloon 121.6 0.0 179.2 35.880039000000004
Balloon 180.48 240.90776 216.96 279.99175199999996
Balloon 180.48 0.0 235.52 17.299024
Balloon 193.92 97.38828699999999 225.28 142.238165
Balloon 196.48 264.61469 214.4 288.320937
Balloon 201.6 62.14890200000001 243.2 112.124695
Balloon 213.12 239.626452 240.64 282.554368
Balloon 232.96 246.03367500000002 265.6 289.602245
Balloon 243.2 273.584529 285.44 319.715715
Balloon 246.4 83.292533 288.0 135.830942
Balloon 252.8 117.25061 285.44 149.92669600000002
Balloon 256.64 134.549634 408.96 253.72220599999997
Balloon 268.16 335.092777 300.16 365.846901
Balloon 272.64 313.308492 309.12 348.54787699999997
Balloon 280.32 267.177306 325.12 315.87179100000003
Balloon 301.44 85.855832 337.92 119.813226
Balloon 307.84 114.68731100000001 341.76 143.519473
Balloon 332.8 92.26237200000001 370.56 126.220449
Balloon 361.6 180.68082 403.84 233.219229
Balloon 380.16 247.955637 410.24 280.632406
Balloon 381.44 210.79429000000002 440.32 279.351098
Balloon 392.96 114.68731100000001 426.88 148.645388
Balloon 406.4 167.867057 448.0 231.93792100000002
Balloon 419.2 245.393021 465.28 287.039629
Balloon 421.76 119.813226 453.12 151.208004
Balloon 421.76 33.316739999999996 466.56 88.418448
Balloon 428.16 196.699219 474.24 254.36285999999998
Balloon 444.16 0.0 464.0 8.329184999999999
Balloon 445.44 109.562079 479.36 146.082772
Balloon 454.4 0.0 521.6 34.598731
Balloon 478.08 84.573841 521.6 131.987018
Balloon 497.92 144.801464 526.72 181.321474
Balloon 516.48 93.544363 550.4 131.987018
Balloon 675.2 129.423719 707.84 167.226403
Balloon 712.96 0.0 765.44 23.065593000000003
Balloon 805.12 0.0 841.6 13.4551
Balloon 852.48 88.418448 888.96 131.987018
