Balloon 0.0 0.0 149.12 58.239744
Balloon 392.32 184.959744 462.72 261.759744
Balloon 413.44 168.96 476.8 213.12
Balloon 429.44 120.320256 508.8 203.52
Balloon 437.12 269.439744 460.16 295.040256
Balloon 444.16 252.800256 513.92 321.279744
Balloon 458.88 194.55974399999997 528.64 282.879744
Balloon 494.08 183.68025599999999 545.92 263.04
Balloon 504.96 257.28000000000003 567.04 324.48
Balloon 675.2 0.0 791.68 76.80000000000001
Balloon 683.52 51.200256 801.28 124.160256
Balloon 780.16 0.0 884.48 65.91974400000001
