Balloon 120.320256 188.8 258.560256 318.72
Balloon 122.240256 171.52 193.92000000000002 211.84
Balloon 144.639744 59.52 267.519744 199.68
Balloon 207.999744 167.68 325.119744 309.76
Balloon 215.04000000000002 0.0 325.119744 152.32
Balloon 256.640256 283.52 309.12 311.68
Balloon 270.71999999999997 97.92 393.59999999999997 245.12
Balloon 305.919744 298.88 375.680256 361.6
Balloon 312.96 214.4 453.12 347.52
Balloon 314.88 200.96 389.76 300.8
Balloon 323.199744 71.68 361.599744 103.04
Balloon 341.120256 0.0 453.12 143.36
Balloon 386.559744 259.84 473.60025599999994 349.44
Balloon 386.559744 99.2 501.75974400000007 230.4
Balloon 437.120256 202.24 487.68 251.52
Balloon 522.8797440000001 244.48 692.480256 371.84
