Balloon 509.99961600000006 269.999616 547.2 363.59961599999997
Balloon 528.0 266.4 604.8 363.59961599999997
Balloon 533.9996160000001 362.4 622.800384 439.20000000000005
Balloon 549.5999999999999 446.40000000000003 584.400384 511.20000000000005
Balloon 559.2 403.20000000000005 661.199616 505.199616
Balloon 568.8 195.599616 657.5999999999999 271.20000000000005
Balloon 588.0 264.0 694.800384 369.6
Balloon 624.0 221.999616 712.8 298.799616
Balloon 637.199616 186.000384 662.4000000000001 219.599616
Balloon 652.8 157.200384 752.400384 259.20000000000005
Balloon 691.2 272.40038400000003 757.199616 374.4
Balloon 712.8 232.79999999999998 762.0003839999999 283.20000000000005
