Balloon 573.44 148.645388 613.12 180.040166
Balloon 574.72 173.63294299999998 605.44 213.998243
Balloon 576.0 246.674329 619.52 277.428453
Balloon 577.92 126.220449 619.52 164.02245
Balloon 579.2 93.544363 630.4 140.316203
Balloon 580.48 81.370571 593.28 101.23289399999999
Balloon 584.32 207.59102 630.4 252.440898
Balloon 589.44 69.83743299999999 616.96 112.765349
Balloon 590.72 35.239385 609.28 74.96334800000001
Balloon 593.28 0.0 618.24 32.676086000000005
Balloon 597.12 187.728697 648.32 207.59102
Balloon 604.16 157.615227 650.88 199.90248900000003
Balloon 604.16 0.0 664.32 51.897755
Balloon 608.0 39.723963 636.8 76.24465599999999
Balloon 609.28 70.478087 652.16 117.25061
Balloon 609.28 122.375842 668.16 166.585066
Balloon 617.6 272.303221 650.24 322.27833100000004
Balloon 618.88 248.596291 666.24 290.242899
Balloon 630.4 110.202733 688.0 148.645388
Balloon 631.68 202.465105 673.28 251.15959
Balloon 632.96 33.316739999999996 688.0 88.418448
Balloon 644.48 90.98106399999999 677.12 112.124695
Balloon 645.76 181.321474 688.0 213.998243
Balloon 645.76 146.082772 691.84 187.728697
Balloon 648.96 276.14714499999997 688.64 326.12293800000003
Balloon 653.44 0.0 742.4 41.005954
Balloon 656.0 43.56857 718.72 108.280771
Balloon 656.64 368.4102 702.08 383.146608
Balloon 659.84 262.692045 696.32 291.524207
Balloon 665.6 116.609956 702.08 149.92669600000002
Balloon 665.6 217.842167 709.12 267.81796
Balloon 674.56 186.447389 709.12 223.60873600000002
Balloon 677.12 106.99878 691.84 120.45388
Balloon 688.0 140.316203 814.08 317.793753
Balloon 689.92 93.544363 717.44 119.813226
Balloon 696.32 12.173791999999999 757.12 76.24465599999999
Balloon 708.48 84.573841 759.68 151.208004
Balloon 720.0 17.299024 802.56 101.23289399999999
Balloon 739.84 114.046657 828.8 184.525427
Balloon 747.52 50.616446999999994 842.24 134.549634
Balloon 755.2 0.0 831.36 46.13118600000001
Balloon 802.56 167.867057 871.04 237.063836
Balloon 812.16 120.45388 848.64 163.381796
Balloon 812.16 0.0 893.44 69.83743299999999
Balloon 813.44 135.830942 897.28 215.920205
Balloon 833.92 48.053148 919.68 146.72342600000002
Balloon 835.84 228.093997 881.92 254.36285999999998
Balloon 867.84 212.716935 909.44 242.83040499999998
Balloon 874.88 0.0 927.36 38.442655
Balloon 880.0 262.05139099999997 960.0 358.15837
Balloon 890.88 25.628209000000002 978.56 94.185017
Balloon 890.88 119.172572 978.56 235.782528
Balloon 895.36 199.90248900000003 914.56 223.60873600000002
Balloon 914.56 65.352855 1007.36 150.56735
Balloon 929.92 188.36935100000002 1023.36 272.943875
Balloon 947.2 267.177306 1000.96 340.859346
Balloon 961.28 247.955637 1023.36 344.70327
Balloon 970.88 138.394241 1023.36 205.669058
