Balloon 321.000448 124.99992800000001 449.000448 271.00005699999997
Balloon 337.999872 23.999937 476.99968 212.999697
Balloon 362.000384 0.0 485.999616 64.999744
Balloon 421.000192 211.99978499999997 540.000256 370.000224
Balloon 446.999552 84.000121 595.999744 277.000212
Balloon 467.00032 4.000331 590.999552 116.999949
Balloon 490.000384 249.99985600000002 577.999872 380.99993900000004
Balloon 554.000384 0.0 663.000064 91.000188
Balloon 572.000256 61.000096 716.000256 238.00022900000002
Balloon 577.999872 208.000137 611.00032 248.00003199999998
