Balloon 5.12 312.96 21.12 331.520256
Balloon 80.0 437.76 105.6 469.76025599999997
Balloon 121.6 529.280256 141.44 549.12
Balloon 141.44 506.88 154.24 525.440256
Balloon 162.56 452.480256 175.36 468.48
Balloon 196.48 579.2002560000001 217.6 606.080256
Balloon 257.28 251.52 275.84 275.840256
Balloon 277.12 495.99974399999996 288.0 509.43974399999996
Balloon 286.72 543.999744 302.72 561.2797439999999
Balloon 290.56 504.320256 305.28 519.680256
Balloon 307.84 495.99974399999996 320.0 512.000256
Balloon 311.68 344.319744 335.36 366.71999999999997
Balloon 347.52 539.52 364.8 555.519744
Balloon 350.08 554.2402559999999 364.8 571.520256
Balloon 367.36 468.48 380.8 484.479744
Balloon 369.92 504.320256 383.36 522.8797440000001
Balloon 382.08 472.32 392.32 487.040256
Balloon 396.16 515.840256 405.76 527.360256
Balloon 396.16 526.08 405.76 536.960256
Balloon 404.48 520.959744 414.72 536.960256
Balloon 420.48 512.000256 434.56 526.719744
Balloon 450.56 465.920256 482.56 498.56025600000004
Balloon 471.68 522.8797440000001 483.84 539.52
Balloon 480.0 528.0 496.64 545.28
Balloon 482.56 522.8797440000001 495.36 535.6800000000001
Balloon 492.8 399.36 508.8 419.199744
Balloon 542.08 193.28025599999998 574.72 230.39999999999998
Balloon 588.16 398.079744 604.16 416.64
Balloon 617.6 428.799744 634.24 446.079744
Balloon 688.64 257.28000000000003 704.64 275.840256
Balloon 702.08 529.280256 725.76 554.2402559999999
Balloon 714.88 538.239744 739.2 568.959744
Balloon 725.76 621.440256 762.88 659.840256
Balloon 821.12 392.96025599999996 837.12 412.79999999999995
Balloon 826.24 288.63974399999995 837.12 302.079744
Balloon 1003.52 190.07999999999998 1018.24 208.640256
