Balloon 0.0 645.197999 7.04 682.359346
Balloon 0.0 445.936164 25.6 513.2109810000001
Balloon 0.0 295.368814 37.76 363.284285
Balloon 0.0 347.907223 48.0 445.936164
Balloon 0.0 541.4024890000001 56.96 649.041923
Balloon 0.0 19.862323 99.2 127.50175700000001
Balloon 0.0 201.824451 101.76 331.889507
Balloon 7.04 633.024207 72.96 682.359346
Balloon 17.92 316.512445 119.04 431.84041
Balloon 25.6 558.060859 119.04 668.263592
Balloon 56.96 409.415471 149.12 530.510005
Balloon 59.52 225.530698 192.64 354.314446
Balloon 80.64 178.11820400000002 170.24 274.225183
Balloon 80.64 627.898975 195.2 682.359346
Balloon 94.08 483.097511 174.08 601.629429
Balloon 94.08 1.2813080000000001 200.32 119.813226
Balloon 125.44 336.37408500000004 229.12 430.559102
Balloon 144.0 441.45090300000004 248.96 565.108736
Balloon 146.56 465.157833 174.08 483.097511
Balloon 177.92 282.554368 316.8 403.648902
Balloon 188.16 401.72694 231.68 456.828648
Balloon 190.72 641.994729 230.4 682.359346
Balloon 199.04 57.664324 305.28 174.27359700000002
Balloon 211.84 203.105759 270.72 301.776037
Balloon 221.44 593.940898 282.88 664.418985
Balloon 222.72 396.60102500000005 306.56 475.40898
Balloon 222.72 491.42669600000005 320.64 600.348121
Balloon 225.28 332.530161 332.8 432.481064
Balloon 227.84 614.443875 339.2 682.359346
Balloon 243.2 455.546657 311.68 509.367057
Balloon 248.96 148.004734 371.84 295.368814
Balloon 257.92 0.0 503.04 10.251147
Balloon 277.76 580.485798 315.52 617.647145
Balloon 300.16 291.524207 349.44 351.75114700000006
Balloon 304.0 417.104002 390.4 508.726403
Balloon 309.12 561.905466 334.08 625.335676
Balloon 311.68 338.937384 360.32 421.58926299999996
Balloon 316.8 182.603465 403.84 302.41669099999996
Balloon 319.36 502.959834 410.24 640.712738
Balloon 343.04 277.428453 442.88 420.948609
Balloon 344.32 441.45090300000004 405.12 508.726403
Balloon 361.6 647.760615 403.84 682.359346
Balloon 366.72 78.807955 490.24 231.29726699999998
Balloon 376.32 14.095754 453.12 89.05910200000001
Balloon 387.84 506.80375799999996 479.36 621.491752
Balloon 390.4 398.52367 436.48 437.60697899999997
Balloon 400.64 483.097511 474.24 530.510005
Balloon 409.6 378.02069300000005 496.0 455.546657
Balloon 410.24 549.09102 511.36 660.575061
Balloon 414.08 153.77130300000002 497.92 238.985798
Balloon 416.64 271.02191300000004 487.68 379.942655
Balloon 421.76 620.2104439999999 512.64 682.359346
Balloon 432.64 157.615227 568.96 320.356369
Balloon 478.08 378.02069300000005 535.68 427.996486
Balloon 478.08 296.650122 599.68 427.996486
Balloon 485.76 419.02596400000004 519.68 442.732894
Balloon 489.6 428.63714000000004 608.0 549.731674
Balloon 547.84 197.33987299999998 618.88 306.260615
Balloon 558.08 82.011225 674.56 212.076281
Balloon 573.44 322.918985 674.56 449.139434
Balloon 602.24 432.481064 712.96 537.5578820000001
Balloon 615.68 184.525427 750.72 337.014739
Balloon 619.52 318.434407 750.72 409.415471
Balloon 679.68 148.004734 792.96 296.009468
Balloon 715.52 422.87057100000004 826.24 530.510005
Balloon 720.64 294.72816 796.8 411.97808699999996
Balloon 736.0 609.31796 803.84 682.359346
Balloon 761.6 288.320937 894.08 427.355832
Balloon 765.44 247.314983 870.4 304.338653
Balloon 803.2 135.830942 921.6 262.05139099999997
Balloon 856.96 215.920205 1001.6 348.54787699999997
Balloon 960.0 83.292533 1023.36 185.80673499999997
