Balloon 158.08 187.520256 250.88 260.480256
Balloon 228.48 236.79974400000003 315.52 326.4
Balloon 249.6 166.400256 318.08 234.24
Balloon 332.8 608.64 443.52 696.320256
Balloon 412.16 679.6800000000001 488.32 767.360256
Balloon 433.28 614.4000000000001 500.48 682.880256
Balloon 484.48 684.800256 524.16 748.160256
Balloon 495.36 603.519744 557.44 673.92
Balloon 505.6 659.199744 593.28 754.5600000000001
Balloon 553.6 641.919744 609.28 701.439744
Balloon 695.04 125.439744 768.0 200.960256
Balloon 703.36 200.319744 782.72 289.92
Balloon 755.84 144.639744 865.92 227.840256
