Balloon 0.0 375.03974400000004 12.8 417.27974399999994
Balloon 6.4 340.479744 52.48 389.120256
Balloon 53.76 322.56 113.92 378.879744
Balloon 66.56 408.320256 107.52 437.76
Balloon 83.2 281.600256 128.0 334.08
Balloon 170.24 302.079744 208.64 314.88
Balloon 186.88 451.839744 204.8 494.079744
Balloon 188.16 372.48 236.8 435.200256
Balloon 240.64 364.79999999999995 289.28 424.959744
Balloon 253.44 426.24 291.84 456.96
Balloon 279.04 302.079744 360.96 358.400256
Balloon 284.16 346.880256 322.56 357.12
Balloon 286.72 357.12 364.8 445.43999999999994
Balloon 299.52 273.920256 362.24 323.840256
Balloon 345.6 357.12 421.12 463.359744
Balloon 349.44 305.919744 419.84 375.03974400000004
Balloon 385.28 272.64 468.48 358.400256
Balloon 419.84 398.079744 482.56 458.24025599999993
Balloon 423.68 360.96 455.68 410.88
Balloon 458.24 354.560256 468.48 398.079744
Balloon 462.08 293.120256 485.12 351.99974399999996
Balloon 463.36 335.36025600000005 547.84 419.840256
Balloon 509.44 389.120256 593.92 462.08025599999996
Balloon 528.64 330.24 579.84 378.879744
Balloon 547.84 371.199744 567.04 392.96025599999996
Balloon 567.04 337.92 631.04 410.88
Balloon 583.68 413.43974399999996 606.72 431.36025600000005
Balloon 609.28 354.560256 663.04 427.520256
Balloon 615.68 259.839744 664.32 332.79974400000003
Balloon 643.84 235.52025600000002 720.64 326.4
Balloon 648.96 359.679744 723.2 441.59999999999997
Balloon 652.8 327.680256 706.56 353.28000000000003
Balloon 673.28 252.159744 779.52 355.839744
Balloon 675.84 159.999744 775.68 258.560256
Balloon 678.4 348.159744 769.28 430.08000000000004
Balloon 750.08 334.08 765.44 355.839744
Balloon 782.08 446.72025600000006 846.08 509.43974399999996
Balloon 791.04 387.84000000000003 878.08 474.879744
Balloon 898.56 362.240256 971.52 428.799744
Balloon 907.52 268.79999999999995 1007.36 368.64
Balloon 960.0 238.07999999999998 1022.72 325.119744
