Balloon 574.72 347.226918 709.12 492.65174399999995
Balloon 574.72 65.986176 716.8 223.583196
Balloon 577.92 479.83941 712.96 646.4052
Balloon 647.04 181.30126800000002 782.08 336.335685
Balloon 657.92 319.679106 804.48 491.370783
Balloon 664.32 475.995165 790.4 631.030263
Balloon 682.88 648.967803 796.8 680.359179
Balloon 691.84 613.732863 784.64 677.796576
Balloon 695.68 68.548779 814.08 213.332784
Balloon 704.64 142.222083 814.08 237.03635100000002
Balloon 716.8 23.703567 867.84 196.03606499999998
Balloon 730.88 0.0 842.88 32.032197000000004
Balloon 748.16 219.739632 885.76 397.19665499999996
Balloon 787.84 607.3266960000001 929.28 680.359179
Balloon 799.36 171.050856 940.8 256.256214
Balloon 805.76 258.818136 910.72 431.15063399999997
Balloon 837.12 38.438364 976.64 218.45799000000002
Balloon 846.72 358.75829100000004 1009.28 508.668183
Balloon 872.96 541.34052 940.8 646.4052
Balloon 890.88 263.303202 1015.68 383.7435
Balloon 917.12 487.526538 994.56 625.264236
