Balloon 18.56 190.110504 105.6 277.804818
Balloon 177.28 368.69928 563.2 497.36007
Balloon 287.36 298.92798600000003 387.2 382.781724
Balloon 368.0 28.804817999999997 627.2 318.771294
Balloon 371.84 245.159424 488.32 357.817482
Balloon 508.16 285.48597 632.96 393.663024
Balloon 544.64 433.98957 585.6 495.43978200000004
Balloon 560.0 407.745468 731.52 497.36007
Balloon 577.92 67.851006 840.32 300.208344
Balloon 620.16 192.67072199999998 963.84 497.36007
Balloon 864.0 0.0 1023.36 243.879066
Balloon 883.84 163.866402 1023.36 306.60913800000003
Balloon 931.2 263.082444 1023.36 497.36007
Balloon 949.12 289.326546 1001.6 351.41668799999997
