Balloon 0.0 663.912448 507.830784 858.959872
Balloon 25.016064 446.358528 178.866432 621.402112
Balloon 50.032895999999994 216.302592 208.88601599999998 401.347584
Balloon 137.589504 935.228416 156.351744 961.4848
Balloon 191.374848 522.628096 353.980416 701.421568
Balloon 217.64198399999998 216.302592 386.50137599999994 411.350016
Balloon 232.65177599999998 393.84576 371.491584 530.12992
Balloon 332.71680000000003 666.413056 425.276928 747.682816
Balloon 352.72934399999997 232.556544 454.04544 388.844544
Balloon 361.485312 551.385088 494.07129599999996 705.17248
Balloon 366.488832 372.590592 516.5859839999999 533.880832
Balloon 420.273408 691.419136 515.33568 751.433728
Balloon 469.055232 240.058368 622.9056 398.846976
