Aircraft 0.0 379.302001 89.6 417.74465599999996
Aircraft 0.0 310.10522199999997 154.88 361.362323
Aircraft 0.0 331.248853 170.88 383.787262
Aircraft 5.76 408.774817 202.24 475.40898
Aircraft 119.68 362.643631 216.96 397.883016
Aircraft 149.76 317.793753 273.28 361.362323
Aircraft 186.88 360.08101500000004 344.32 433.76237199999997
Aircraft 224.64 403.00824800000004 389.76 469.00175700000005
Aircraft 354.56 362.643631 455.68 410.056125
Aircraft 428.16 349.18853099999995 564.48 391.475793
Aircraft 464.64 347.907223 679.68 499.115227
Aircraft 576.0 299.212738 790.4 366.487555
Aircraft 618.88 424.151879 837.76 493.989995
Aircraft 619.52 347.907223 758.4 396.60102500000005
Aircraft 766.72 386.349878 960.64 455.546657
Aircraft 829.44 350.469839 964.48 401.72694
Aircraft 845.44 383.787262 1008.0 438.888287
Aircraft 1001.6 388.912494 1023.36 417.74465599999996
