Aircraft 0.0 573.536535 9.6 588.258385
Aircraft 0.0 543.45148 19.84 574.816385
Aircraft 0.0 485.84178499999996 30.72 543.45148
Aircraft 23.68 556.89348 80.64 622.1844199999999
Aircraft 68.48 16.002415000000003 128.64 90.89509
Aircraft 79.36 583.137555 115.84 623.464985
Aircraft 126.08 539.6105 176.0 606.182005
Aircraft 133.12 225.957875 254.72 385.98488499999996
Aircraft 147.2 603.62159 163.2 622.1844199999999
Aircraft 186.88 478.16054 213.12 506.96502999999996
Aircraft 207.36 573.536535 232.32 598.50076
Aircraft 215.68 601.0611749999999 222.08 619.624005
Aircraft 222.08 601.0611749999999 240.64 623.464985
Aircraft 286.08 0.0 329.6 26.244075000000002
Aircraft 312.32 568.415705 344.32 603.62159
Aircraft 315.52 535.7702350000001 348.16 579.9372149999999
Aircraft 349.44 594.65978 358.4 611.94276
Aircraft 362.24 588.258385 395.52 624.744835
Aircraft 368.0 99.85690000000001 531.84 302.1304
Aircraft 375.68 498.64386 432.0 568.415705
Aircraft 387.2 604.90144 410.88 622.1844199999999
Aircraft 389.76 573.536535 410.88 603.62159
Aircraft 408.32 579.9372149999999 439.68 622.1844199999999
Aircraft 412.16 559.453895 459.52 610.662195
Aircraft 442.24 588.258385 465.92 611.94276
Aircraft 451.84 488.4022 478.08 517.20669
Aircraft 455.68 514.6462750000001 490.88 562.01431
Aircraft 467.2 387.26473500000003 508.16 438.47375
Aircraft 503.04 483.28137000000004 520.96 509.525445
Aircraft 503.04 26.884715000000003 675.2 248.361685
Aircraft 547.2 611.94276 563.2 627.30525
Aircraft 564.48 607.461855 592.0 626.0254
Aircraft 573.44 509.525445 622.08 567.13514
Aircraft 577.92 501.204275 598.4 517.20669
Aircraft 627.2 590.819515 663.04 631.1462300000001
Aircraft 627.2 562.01431 669.44 615.783025
Aircraft 659.2 63.37045 801.92 244.520705
Aircraft 661.76 552.412575 684.16 577.3768
Aircraft 695.68 533.2098199999999 743.04 595.940345
Aircraft 771.84 138.263125 855.68 225.957875
Aircraft 780.8 228.51829 855.68 321.973795
Aircraft 834.56 619.624005 858.24 635.62642
Aircraft 989.44 327.094625 1023.36 405.82828
