Aircraft 0.0 128.000256 41.6 168.0
Aircraft 0.0 0.0 222.399488 118.400256
Aircraft 11.199488 126.399744 102.4 179.199744
Aircraft 100.800512 150.399744 235.199488 201.60000000000002
Aircraft 137.6 180.800256 283.200512 243.20025599999997
Aircraft 195.2 222.399744 406.4 296.00025600000004
Aircraft 212.800512 113.600256 292.799488 185.600256
Aircraft 263.999488 281.600256 481.600512 364.79999999999995
Aircraft 278.4 159.999744 358.4 227.199744
Aircraft 280.000512 97.599744 342.4 180.800256
Aircraft 316.8 201.60000000000002 391.999488 273.6
Aircraft 334.399488 139.2 433.600512 222.399744
Aircraft 359.999488 342.399744 632.000512 467.199744
Aircraft 377.6 107.19974400000001 449.600512 168.0
Aircraft 401.600512 187.2 504.000512 260.79974400000003
Aircraft 403.2 240.0 547.2 351.99974399999996
Aircraft 409.6 134.39999999999998 486.4 198.399744
Aircraft 462.399488 153.60000000000002 550.4 231.999744
Aircraft 496.0 447.99974399999996 833.599488 614.4000000000001
Aircraft 504.000512 203.199744 598.4 284.79974400000003
Aircraft 505.6 316.79999999999995 652.8 430.400256
Aircraft 548.799488 233.600256 641.599488 320.00025600000004
Aircraft 622.400512 270.399744 728.000512 384.0
Aircraft 691.2 425.60025599999994 852.799488 567.999744
Aircraft 705.599488 326.4 833.599488 441.59999999999997
Aircraft 803.2 387.200256 908.8 524.7997439999999
