Aircraft 0.0 334.452123 20.48 392.116447
Aircraft 0.0 614.443875 61.44 663.778331
Aircraft 26.24 164.663104 162.56 326.763592
Aircraft 88.96 390.83513899999997 136.32 444.65485600000005
Aircraft 108.8 214.63889700000001 193.92 325.482284
Aircraft 279.04 231.93792100000002 350.08 313.308492
Aircraft 317.44 648.4012690000001 402.56 682.359346
Aircraft 384.0 632.383553 451.2 682.359346
Aircraft 416.0 345.985261 474.88 419.66730099999995
Aircraft 422.4 463.235188 482.56 536.917228
Aircraft 469.76 279.351098 540.16 414.541386
Aircraft 596.48 269.739922 872.32 682.359346
Aircraft 631.04 565.7493900000001 707.2 682.359346
Aircraft 776.32 452.343387 912.64 673.3895070000001
Aircraft 952.32 613.162567 1006.08 677.233431
Aircraft 986.24 588.1743290000001 1023.36 654.808492
Aircraft 1008.64 564.468082 1023.36 615.725183
