Aircraft 698.88 290.797164 948.48 582.87558
Aircraft 0.0 415.05861600000003 160.64 582.87558
Aircraft 37.12 387.516108 47.36 399.04561199999995
Aircraft 47.36 275.42508 99.84 343.960596
Aircraft 76.16 23.69934 185.6 115.293864
Aircraft 113.28 73.659936 247.04 240.196236
Aircraft 142.08 551.489904 160.64 579.032412
Aircraft 257.28 367.659936 430.72 587.3596679999999
Aircraft 304.64 126.183036 475.52 327.947592
Aircraft 373.12 301.686336 638.08 587.3596679999999
Aircraft 449.28 92.875776 572.16 241.4769
Aircraft 808.32 0.0 1005.44 249.16323599999998
