Aircraft 33.28 165.348256 227.84 400.55264
Aircraft 119.68 313.392096 206.08 412.08860799999997
Aircraft 163.2 342.232016 282.24 421.060976
Aircraft 247.04 338.386848 308.48 393.50262399999997
Aircraft 283.52 339.66841600000004 409.6 419.77894399999997
Aircraft 345.6 241.613152 450.56 371.71272
Aircraft 389.76 344.154832 467.2 416.57455999999996
Aircraft 420.48 341.591232 545.92 432.59648000000004
Aircraft 426.88 102.54121599999999 670.08 408.242976
Aircraft 458.24 335.182464 496.0 349.281568
Aircraft 542.08 262.762272 969.6 437.72368
Aircraft 692.48 72.41972799999999 977.92 370.431152
Aircraft 870.4 345.4364 914.56 383.889472
Aircraft 881.92 352.486416 977.92 420.419728
