Aircraft 58.88 149.76 152.32 266.240256
Aircraft 99.2 293.76 161.28 371.840256
Aircraft 332.8 156.15974400000002 387.2 214.400256
Aircraft 530.56 375.03974400000004 558.08 407.679744
Aircraft 549.12 529.280256 567.68 554.2402559999999
Aircraft 567.68 517.119744 593.92 555.519744
Aircraft 586.24 568.959744 612.48 609.920256
Aircraft 613.76 614.4000000000001 647.04 659.199744
Aircraft 709.12 462.08025599999996 721.28 478.08000000000004
Aircraft 736.64 497.91974400000004 755.2 521.600256
Aircraft 766.72 78.08025599999999 791.04 106.880256
Aircraft 825.6 600.96 850.56 632.960256
Aircraft 845.44 154.880256 864.0 174.72
Aircraft 902.4 495.99974399999996 926.08 529.280256
Aircraft 964.48 210.56025599999998 980.48 234.24
Aircraft 968.32 601.599744 997.12 641.28
Aircraft 968.32 649.599744 999.04 690.560256
