Bird 279.68 591.36 290.56 606.080256
Bird 300.8 576.639744 311.68 591.36
Bird 315.52 570.24 323.2 584.960256
Bird 336.64 551.679744 341.76 570.24
Bird 365.44 550.400256 377.6 559.359744
Bird 387.2 530.559744 397.44 547.839744
Bird 418.56 515.840256 426.88 535.6800000000001
Bird 437.12 512.000256 444.8 526.719744
Bird 442.24 498.56025600000004 453.12 512.000256
Bird 456.96 487.040256 464.64 503.679744
Bird 463.36 477.440256 476.8 490.88025600000003
Bird 490.24 467.199744 500.48 487.040256
Bird 497.92 465.920256 510.08 478.719744
Bird 506.24 446.079744 519.04 467.199744
Bird 519.04 435.200256 531.2 453.75974400000007
Bird 529.92 426.24 541.44 437.76
Bird 540.16 406.400256 551.04 416.64
Bird 568.32 396.800256 574.72 414.08025599999996
Bird 596.48 107.52000000000001 611.2 129.920256
Bird 602.24 127.359744 616.96 149.76
Bird 608.0 392.319744 622.08 403.20000000000005
Bird 618.24 143.360256 627.84 163.2
Bird 634.24 163.2 647.68 183.03974399999998
Bird 635.52 380.15999999999997 651.52 396.159744
Bird 645.12 319.359744 660.48 334.08
Bird 646.4 348.800256 652.8 360.320256
Bird 646.4 360.320256 656.64 380.15999999999997
Bird 660.48 337.92 671.36 351.36
Bird 666.24 320.64 677.76 337.92
Bird 671.36 180.48 677.76 199.040256
Bird 682.88 310.400256 692.48 328.959744
Bird 684.8 202.88025599999997 698.88 218.88
Bird 701.44 302.079744 712.32 320.64
Bird 702.72 222.71999999999997 714.88 240.0
Bird 713.6 238.71974400000002 725.76 253.44
Bird 733.44 296.96025599999996 744.32 312.96
Bird 734.72 259.839744 749.44 274.56
Bird 755.84 275.840256 768.0 294.399744
Bird 779.52 288.63974399999995 789.12 304.640256
