Bird 49.28 312.667838 125.44 415.18204
Bird 188.16 296.009468 284.16 395.31971699999997
Bird 239.36 296.009468 379.52 433.76237199999997
Bird 279.04 286.398975 348.16 453.62469500000003
Bird 339.2 294.087506 407.04 371.61346999999995
Bird 350.72 306.260615 432.0 417.74465599999996
Bird 462.72 312.667838 622.72 451.702733
Bird 479.36 310.10522199999997 571.52 386.349878
Bird 519.04 328.685554 608.0 424.151879
Bird 586.88 322.27833100000004 669.44 401.08628600000003
Bird 673.92 312.667838 734.08 411.337433
Bird 778.88 332.530161 901.76 431.199756
Bird 875.52 323.560322 915.2 412.619424
Bird 905.6 372.894778 966.4 408.774817
