Bird 0.0 130.40006400000001 1022.400512 335.199744
Bird 48.0 315.19987199999997 73.6 337.599936
Bird 163.2 324.80006399999996 193.600512 351.19987199999997
Bird 251.199488 348.800256 266.399744 368.000064
Bird 441.6 324.80006399999996 458.399744 351.19987199999997
Bird 511.200256 333.600192 527.200256 358.399872
Bird 573.599744 331.2 600.000512 351.19987199999997
Bird 676.799488 335.199744 720.0 358.399872
Bird 755.999744 313.59974400000004 778.399744 335.999808
Bird 808.800256 303.200064 827.200512 331.2
