Bird 0.0 288.849213 1019.163648 648.8740799999999
Bird 15.89248 309.579957 31.783936 315.108504
Bird 114.699264 268.809444 131.28192 284.703363
Bird 158.920704 380.755611 174.81216 392.502933
Bird 178.958336 389.048058 189.32224 400.79538
Bird 214.197248 357.260967 235.616256 367.626339
Bird 307.47648 125.76716100000002 340.642816 143.042283
Bird 356.534272 296.450685 364.135424 313.726554
Bird 426.320896 288.849213 445.668352 304.743132
Bird 454.65088 248.0787 471.924736 266.736519
Bird 461.559808 141.660333 483.67104 167.919624
Bird 545.856512 241.168203 563.821568 262.589922
Bird 556.22144 208.690137 569.34912 221.819409
Bird 583.8592 66.338829 604.588032 91.90639800000001
Bird 605.970432 115.40178900000001 617.716736 141.660333
Bird 645.354496 183.81279600000002 659.864576 195.560865
Bird 668.156928 188.650368 696.485888 204.544287
Bird 708.923392 15.202943999999999 726.888448 39.388563
Bird 710.995968 162.391077 723.433472 178.284996
Bird 717.90592 83.613951 741.398528 105.03641700000001
Bird 735.179776 198.32476499999999 751.762432 210.072087
Bird 750.381056 67.72077900000001 764.199936 83.613951
Bird 782.164992 95.36202 796.675072 112.637142
Bird 820.16768 291.613113 829.840384 306.125082
Bird 846.424064 217.673559 857.479168 230.802831
Bird 900.318208 52.517835000000005 920.35584 71.866629
Bird 955.594752 18.657819 968.723456 33.169041
Bird 981.851136 98.12592000000001 997.743616 112.637142
Bird 1013.636096 140.27838300000002 1023.3088 152.025705
Bird 1015.017472 178.284996 1023.3088 194.178168
