Bird 609.333248 17.342053 821.332992 168.082202
Bird 2.666496 414.869226 179.999744 513.583899
Bird 3.999744 4.001697 238.666752 188.092053
Bird 7.999488 224.109375 261.332992 368.179346
Bird 9.33376 561.6076780000001 169.33376 666.991846
Bird 192.0 572.2795530000001 435.999744 672.328125
Bird 208.0 386.85529799999995 353.333248 524.255774
Bird 241.333248 1.3338990000000002 519.999488 202.765625
Bird 284.000256 220.107678 481.333248 373.515625
Bird 378.667008 394.859375 530.666496 536.261548
Bird 464.0 557.605298 621.333504 668.3264280000001
Bird 515.999744 222.77547600000003 652.000256 368.179346
Bird 649.33376 553.603601 805.332992 669.660327
Bird 837.332992 21.34375 1014.66624 208.10190400000002
Bird 842.667008 572.2795530000001 1011.999744 649.650476
Bird 878.666752 320.15625 930.666496 384.1875
Bird 901.332992 342.833899 950.66624 393.525476
Bird 905.33376 220.107678 999.999488 476.232678
