Bird 773.000192 188.99992 885.999616 333.99982
Bird 0.0 0.0 42.000384 44.00002
Bird 0.0 368.99967 56.000512 435.9998
Bird 3.00032 236.00024000000002 129.999872 319.99988
Bird 94.000128 200.99965999999998 231.999488 309.00024
Bird 99.999744 49.99989 220.99968 164.00034
Bird 193.000448 26.999779999999998 341.000192 163.00024
Bird 229.000192 361.9997 341.999616 464.99978000000004
Bird 291.999744 91.00034000000001 405.999616 187.99982
Bird 369.000448 383.99971 453.000192 441.99967
Bird 412.99968 52.00009 515.00032 115.99991999999999
Bird 421.000192 99.99978 551.000064 210.99993
Bird 458.999808 465.99988 554.000384 546.99995
Bird 542.000128 0.0 666.999808 78.99987
Bird 545.000448 275.99985999999996 645.999616 385.99991
Bird 592.0 93.99991 712.999936 208.99973000000003
Bird 618.000384 614.0000799999999 720.0 698.99982
Bird 666.999808 392.99987999999996 773.000192 491.00019
Bird 732.000256 470.99965000000003 860.000256 575.99993
Bird 760.999936 514.9996699999999 867.999744 610.99978
Bird 924.000256 675.99971 1022.999552 728.9999
Bird 977.000448 446.00007 1022.999552 506.00023
