Bird 0.0 704.000256 99.2 767.360256
Bird 0.0 546.560256 108.16 656.64
Bird 0.0 0.0 847.36 542.079744
Bird 6.4 530.559744 131.84 599.679744
Bird 106.88 556.160256 184.96 659.199744
Bird 131.84 538.880256 284.16 656.64
Bird 177.28 652.8 288.0 728.960256
Bird 181.12 707.840256 311.68 767.360256
Bird 215.68 438.39974400000006 326.4 574.719744
Bird 282.88 351.99974399999996 376.96 440.96025599999996
Bird 306.56 594.560256 384.64 681.5999999999999
Bird 321.28 385.280256 371.2 517.760256
Bird 337.92 684.800256 461.44 767.360256
Bird 374.4 432.63974399999995 502.4 510.72
Bird 378.24 574.719744 470.4 643.2
Bird 385.92 628.479744 462.72 690.560256
Bird 408.32 679.6800000000001 570.88 753.920256
Bird 559.36 550.400256 615.68 652.160256
Bird 630.4 661.119744 766.72 760.3199999999999
Bird 641.28 741.7597440000001 688.64 767.360256
Bird 664.96 35.199743999999995 721.92 78.08025599999999
Bird 693.12 5.120256 712.96 32.64
Bird 714.24 10.239744 735.36 52.479744000000004
Bird 741.76 59.519999999999996 765.44 105.60000000000001
Bird 751.36 3.84 773.76 47.360256
Bird 775.04 0.0 796.16 10.239744
Bird 776.32 28.799999999999997 806.4 74.88
Bird 782.72 200.960256 842.24 276.48
Bird 814.72 159.999744 853.12 220.79999999999998
Bird 821.12 0.0 862.08 12.800256000000001
Bird 823.68 24.96 854.4 69.759744
Bird 830.72 65.91974400000001 855.68 117.759744
Bird 830.72 235.52025600000002 860.8 268.160256
Bird 844.8 105.60000000000001 879.36 158.720256
Bird 846.08 136.32 871.68 186.24
Bird 860.8 0.0 908.16 22.400256
Bird 870.4 22.400256 928.0 65.91974400000001
Bird 906.24 76.80000000000001 935.04 129.920256
Bird 908.16 0.0 944.0 47.360256
Bird 940.8 53.120256000000005 964.48 100.47974400000001
Bird 954.88 252.800256 1023.36 329.600256
Bird 956.16 325.119744 1023.36 380.79974400000003
Bird 976.0 141.440256 1023.36 215.679744
Bird 979.2 0.0 1023.36 30.72
Bird 981.76 53.120256000000005 1008.0 108.80025599999999
Bird 1006.72 100.47974400000001 1022.72 151.040256
