Bird 94.08 82.550286 110.08 102.38810400000001
Bird 168.96 275.80878 200.32 303.325776
Bird 396.16 219.49504199999998 430.08 250.85127599999998
Bird 403.84 324.44334000000003 437.76 349.400142
Bird 446.08 311.004252 480.0 329.562324
Bird 472.32 337.241502 510.08 364.75849800000003
Bird 540.16 399.31444799999997 574.72 423.631728
Bird 540.16 258.530454 577.28 284.767704
Bird 588.8 302.045328 622.72 335.961756
Bird 588.8 203.496462 627.2 237.41289
Bird 604.8 232.29320399999997 640.0 266.209632
Bird 689.92 233.573652 730.88 282.20751
Bird 738.56 284.767704 775.68 349.400142
Bird 758.4 274.529034 785.92 291.167136
Bird 813.44 237.41289 855.04 262.370394
Bird 818.56 274.529034 853.76 286.04744999999997
