Bird 0.0 286.08 5.76 296.96025599999996
Bird 10.24 279.680256 17.92 290.55974399999997
Bird 55.04 253.44 64.0 261.759744
Bird 80.0 212.480256 94.72 226.56
Bird 103.68 240.63974399999998 115.84 252.159744
Bird 109.44 209.28000000000003 119.68 215.04000000000002
Bird 130.56 228.48 139.52 240.63974399999998
Bird 133.12 243.20025599999997 143.36 252.159744
Bird 140.8 207.36 149.12 215.04000000000002
Bird 147.2 229.76025600000003 158.08 240.63974399999998
Bird 152.96 274.56 160.64 282.879744
Bird 163.2 191.360256 174.08 204.800256
Bird 164.48 163.2 175.36 169.599744
Bird 172.8 234.87974400000002 183.04 250.88025599999997
Bird 183.04 259.20000000000005 193.92 270.71999999999997
Bird 211.2 233.600256 218.88 249.60000000000002
Bird 221.44 149.76 233.6 159.35999999999999
Bird 236.16 252.159744 243.84 261.759744
Bird 323.2 144.639744 334.08 153.60000000000002
Bird 343.04 102.399744 352.64 111.99974399999999
Bird 360.32 118.400256 367.36 124.80000000000001
Bird 369.92 114.560256 381.44 122.240256
Bird 417.28 72.320256 428.16 82.56
Bird 422.4 65.28 432.0 73.599744
Bird 455.68 134.39999999999998 468.48 146.559744
Bird 481.92 97.28025600000001 495.36 106.239744
Bird 496.64 104.96025600000002 507.52 117.12
Bird 506.24 45.440256 513.92 53.760000000000005
Bird 513.92 63.99974400000001 526.08 76.160256
Bird 529.92 30.72 537.6 41.600256
Bird 540.16 26.880000000000003 552.32 37.760256
Bird 582.4 41.600256 597.12 52.479744000000004
Bird 608.0 245.76 618.24 260.480256
Bird 613.12 85.760256 623.36 101.76
Bird 613.12 29.439743999999997 625.28 39.039744
Bird 623.36 90.87974399999999 638.08 104.31974400000001
Bird 626.56 247.040256 635.52 260.480256
Bird 626.56 21.759744 639.36 37.760256
Bird 638.08 80.64 648.96 92.16
Bird 651.52 252.159744 663.04 264.320256
Bird 654.08 0.0 666.24 12.800256000000001
Bird 655.36 147.84 664.96 159.999744
Bird 663.04 155.52 675.2 170.240256
Bird 673.92 100.47974400000001 686.08 114.560256
Bird 677.76 234.87974400000002 688.64 248.319744
Bird 688.64 96.0 704.64 109.44
Bird 693.76 233.600256 704.64 245.76
Bird 702.72 76.160256 714.88 87.039744
Bird 713.6 159.999744 722.56 172.8
Bird 713.6 131.84025599999998 725.76 142.719744
Bird 714.88 64.64025600000001 732.16 77.439744
Bird 717.44 7.040255999999999 732.16 20.480256
Bird 720.0 56.319744 734.72 67.19999999999999
Bird 733.44 177.920256 744.32 187.520256
Bird 749.44 67.839744 764.16 82.56
Bird 766.72 163.839744 780.8 175.359744
Bird 798.08 56.319744 812.8 68.480256
Bird 803.84 186.24 815.36 199.68
Bird 811.52 33.920255999999995 820.48 46.08
Bird 814.08 57.599999999999994 833.92 71.03999999999999
Bird 815.36 219.519744 828.8 229.76025600000003
Bird 831.36 172.8 841.6 182.39999999999998
Bird 849.92 76.160256 857.6 89.600256
Bird 901.12 24.96 915.84 39.039744
Bird 903.04 69.759744 914.56 78.72
Bird 999.04 83.199744 1009.92 90.87974399999999
Bird 1003.52 33.920255999999995 1015.04 44.799744000000004
