Bird 0.0 704.0 35.880039000000004 761.6
Bird 0.0 833.28 42.927916 856.32
Bird 221.04612 416.64 242.189751 467.84
Bird 235.14187399999997 823.04 253.081552 842.24
Bird 244.11171299999998 418.56 279.351098 449.92
Bird 249.237628 885.76 289.602245 915.2
Bird 259.48877500000003 397.44 333.170815 442.88
Bird 308.823914 432.64 326.12293800000003 462.72
Bird 333.170815 842.24 466.43914099999995 961.28
Bird 384.42791600000004 832.0 427.996486 872.32
Bird 473.48701800000003 165.76 631.102245 375.68
Bird 513.851635 935.04 555.498243 1003.52
Bird 524.103465 800.64 587.533675 855.04
Bird 534.995266 912.64 609.958614 977.28
Bird 549.09102 538.24 601.629429 567.68
Bird 575.360566 776.32 631.102245 828.8
Bird 624.054368 639.36 657.371791 688.64
Bird 624.054368 743.04 659.293753 763.52
Bird 643.276037 586.88 681.718692 608.0
Bird 645.197999 882.56 666.34163 940.16
Bird 647.119961 559.36 673.3895070000001 586.88
