Bird 27.200512 597.249906 46.400512 605.244992
Bird 131.2 607.643586 147.999744 615.638672
Bird 151.199744 212.67556199999999 160.799744 222.269938
Bird 182.4 215.07415600000002 196.800512 223.868546
Bird 192.799744 219.07135799999998 203.199488 227.86643
Bird 211.999744 220.670648 231.999488 227.86643
Bird 220.000256 284.63338200000004 233.6 294.227758
Bird 231.999488 259.048152 245.600256 267.043238
Bird 242.400256 247.055182 256.0 254.250964
Bird 242.400256 287.83128 259.999744 300.623554
Bird 253.599744 235.062212 268.000256 243.857284
Bird 270.399488 288.630584 286.399488 296.626352
Bird 272.799744 237.46080600000002 286.399488 247.854486
Bird 275.999744 315.01511800000003 290.400256 324.609494
Bird 284.8 221.469952 299.200512 235.062212
Bird 284.8 292.628468 300.8 298.22496
Bird 299.200512 298.22496 312.800256 308.619322
Bird 310.4 275.83831 325.600256 283.833396
Bird 310.4 290.229874 325.600256 299.82425
Bird 315.200512 304.62143799999996 325.600256 314.215814
Bird 320.799744 326.20878400000004 335.200256 333.404566
Bird 341.600256 319.013002 357.600256 328.607378
Bird 341.600256 239.85940000000002 390.4 257.448862
Bird 352.0 323.010886 364.000256 331.005972
Bird 378.399744 316.61440799999997 393.6 327.008088
Bird 386.400256 267.843224 402.400256 276.637614
Bird 387.999744 237.46080600000002 400.799744 247.055182
Bird 398.399488 318.213016 412.000256 328.607378
Bird 400.0 328.607378 416.0 336.602464
Bird 404.799488 237.46080600000002 418.400256 247.854486
Bird 412.000256 245.455892 427.200512 251.85236999999998
Bird 419.999744 322.2109 432.799744 331.005972
Bird 434.400256 239.85940000000002 447.200256 249.45377599999998
Bird 435.2 312.616524 451.2 322.2109
Bird 436.799488 333.404566 455.199744 344.59755
Bird 438.4 300.623554 451.2 311.017916
Bird 444.8 295.826366 457.6 304.62143799999996
Bird 453.600256 243.857284 471.199744 251.85236999999998
Bird 455.199744 315.01511800000003 467.2 324.609494
Bird 467.2 315.01511800000003 481.600512 326.20878400000004
Bird 475.200512 239.85940000000002 492.000256 247.055182
Bird 487.999488 298.22496 501.600256 307.020032
Bird 505.6 239.85940000000002 524.000256 250.25307999999998
Bird 515.999744 294.227758 580.799488 329.406682
Bird 528.0 245.455892 546.400256 257.448862
Bird 540.000256 235.861516 555.200512 243.857284
Bird 546.400256 247.055182 559.200256 258.248848
Bird 560.799744 243.857284 597.600256 259.847456
Bird 587.200512 258.248848 766.400512 314.215814
Bird 595.2 239.06009600000002 608.0 245.455892
Bird 752.0 235.062212 765.599744 247.854486
Bird 759.199744 217.47275000000002 770.400256 233.462922
Bird 759.199744 599.6485 778.399744 608.4428899999999
Bird 765.599744 249.45377599999998 780.000256 255.850254
Bird 768.0 265.44462999999996 792.800256 296.626352
Bird 781.599744 595.650616 796.8 605.244992
Bird 946.400256 610.04218 962.400256 619.6365559999999
