Bird 463.36 230.656613 554.24 301.135383
Bird 400.0 355.59575400000006 445.44 401.72694
Bird 407.68 405.571547 458.88 474.127672
Bird 423.68 342.78130799999997 465.28 406.85285500000003
Bird 462.72 421.58926299999996 524.16 480.534895
Bird 533.76 321.637677 599.04 381.864617
Bird 535.04 405.571547 588.8 470.283065
Bird 659.84 313.949146 688.64 355.59575400000006
Bird 659.84 361.362323 713.6 409.415471
Bird 688.64 325.482284 766.08 401.72694
Bird 744.96 297.93143 772.48 360.08101500000004
Bird 793.6 381.864617 857.6 445.29551000000004
