Bird 730.24 296.39772 803.2 350.171712
Bird 124.16 167.724108 218.88 218.937492
Bird 144.0 496.76957999999996 259.84 611.359848
Bird 230.4 257.987376 293.76 295.117416
Bird 255.36 461.560608 331.52 501.251256
Bird 309.12 165.162888 366.08 195.25125599999998
Bird 348.8 378.97916399999997 394.88 397.544184
Bird 363.52 193.970952 418.56 209.974752
Bird 375.04 446.196348 386.56 453.878784
Bird 414.08 126.75315599999999 502.4 162.60227999999998
Bird 428.8 35.208972 501.12 87.70266
Bird 437.76 0.0 455.04 10.242432
Bird 461.44 467.962128 523.52 486.527148
Bird 506.24 350.171712 606.08 378.97916399999997
Bird 519.04 444.27589199999994 571.52 460.280304
Bird 519.04 387.941292 584.96 406.506312
Bird 538.88 103.06692 587.52 138.916044
Bird 593.92 254.14646399999998 657.28 292.556196
Bird 648.96 310.481064 726.4 342.48927599999996
Bird 692.48 117.791028 781.44 193.970952
Bird 702.72 56.3346 755.2 72.979164
Bird 725.12 129.31376400000002 802.56 167.724108
Bird 730.88 0.0 769.92 8.962128
Bird 751.36 321.36426 805.12 336.72790799999996
Bird 759.68 44.171712 867.2 103.06692
Bird 803.84 243.904032 858.88 280.393308
Bird 809.6 202.93308 881.28 260.547984
Bird 828.8 485.246844 886.4 498.69064799999995
Bird 843.52 305.359848 933.76 326.485476
Bird 855.04 75.539772 926.08 99.22600800000001
