Bird 48.64 659.840256 131.84 690.560256
Bird 94.72 705.920256 190.08 747.519744
Bird 133.12 572.7997439999999 187.52 626.559744
Bird 202.24 716.7997439999999 300.16 757.760256
Bird 229.76 326.4 302.72 362.240256
Bird 249.6 178.56 357.76 229.76025600000003
Bird 250.88 439.040256 325.12 477.440256
Bird 268.16 490.88025600000003 323.84 536.960256
Bird 269.44 354.560256 335.36 391.68
Bird 298.24 668.16 382.08 712.959744
Bird 307.84 176.000256 389.76 213.12
Bird 322.56 739.2 405.76 767.360256
Bird 323.84 395.52 380.8 421.76025599999997
Bird 343.68 366.080256 451.84 415.359744
Bird 400.64 626.559744 485.12 669.440256
Bird 406.4 141.440256 518.4 184.32
Bird 445.44 309.12 490.24 374.4
Bird 449.28 490.88025600000003 538.24 530.559744
Bird 471.68 588.800256 483.84 618.8797440000001
Bird 486.4 608.64 593.28 646.400256
Bird 492.8 320.00025600000004 549.76 368.64
Bird 492.8 311.04 563.2 343.68
Bird 524.8 574.08 601.6 605.439744
Bird 538.24 466.56000000000006 594.56 502.400256
Bird 556.16 502.400256 651.52 542.079744
Bird 564.48 649.599744 655.36 690.560256
Bird 568.32 339.84000000000003 638.72 376.959744
Bird 590.72 235.52025600000002 670.08 272.64
Bird 659.84 188.799744 762.88 241.92000000000002
Bird 671.36 256.640256 770.56 286.719744
Bird 714.88 642.560256 790.4 675.84
Bird 720.64 523.520256 774.4 574.08
Bird 721.92 228.48 778.88 285.44025600000003
Bird 729.6 563.199744 796.16 611.199744
Bird 764.16 282.879744 798.72 358.400256
Bird 794.24 403.20000000000005 862.08 445.43999999999994
Bird 798.72 612.48 865.92 652.160256
Bird 802.56 289.280256 868.48 341.120256
Bird 811.52 339.84000000000003 873.6 373.119744
Bird 839.68 514.5600000000001 884.48 556.8
Bird 846.08 626.559744 945.28 678.399744
Bird 849.92 362.240256 928.0 395.52
Bird 867.2 530.559744 947.84 565.760256
Bird 879.36 394.23974400000003 958.72 431.36025600000005
Bird 893.44 441.59999999999997 968.96 467.840256
Bird 912.0 653.439744 1006.08 689.28
Bird 942.72 489.59999999999997 1023.36 522.24
Bird 956.16 435.200256 1016.96 471.03974400000004
Bird 1002.24 425.60025599999994 1023.36 455.04
