Bird 150.4 502.36526999999995 162.56 515.164452
Bird 174.08 175.34774399999998 188.8 190.066745
Bird 176.64 487.646269 187.52 501.085585
Bird 196.48 476.127355 211.2 486.366584
Bird 217.6 177.907697 226.56 187.507375
Bird 234.88 451.169125 246.4 463.968307
Bird 255.36 442.849715 268.8 453.729078
Bird 266.88 180.46765 282.24 193.906966
Bird 331.52 184.94742200000002 344.96 196.466336
Bird 357.76 401.252665 375.04 416.611217
Bird 387.84 179.187965 402.56 193.906966
Bird 392.32 392.293121 403.84 401.252665
Bird 418.56 380.134073 431.36 390.373302
Bird 421.12 184.94742200000002 436.48 196.466336
Bird 446.08 375.014167 460.16 385.25339599999995
Bird 473.6 355.175843 490.24 369.89484400000003
Bird 487.68 191.34701299999998 498.56 202.86592699999997
Bird 503.68 337.896889 513.92 352.61589
Bird 513.92 195.186651 526.08 209.90565199999998
Bird 544.0 325.097707 561.28 335.33693600000004
Bird 556.16 205.42588 566.4 218.86519600000003
Bird 581.12 311.658391 595.2 318.698116
Bird 613.76 206.705565 625.92 216.305243
Bird 613.76 293.739886 625.92 303.979115
Bird 668.8 206.705565 687.36 218.86519600000003
Bird 671.36 287.340295 683.52 296.299839
Bird 682.24 259.181978 693.76 268.781656
Bird 705.92 248.94274900000002 717.44 262.382065
Bird 727.68 213.74529 741.12 222.704834
Bird 759.68 243.82342599999998 772.48 254.06265499999998
Bird 775.04 217.584928 788.48 230.38411000000002
Bird 839.04 215.024975 851.2 227.18460599999997
