Bird 729.6 453.19148 824.32 553.046816
Bird 30.72 522.322332 120.32 652.902915
Bird 58.88 611.935919 253.44 747.637758
Bird 117.76 591.453184 199.68 652.902915
Bird 181.76 514.641211 268.8 576.090942
Bird 325.12 658.023408 401.92 755.3188789999999
Bird 386.56 465.993094 442.88 583.772063
Bird 514.56 581.211435 622.08 760.4393719999999
Bird 573.44 489.03722 686.08 568.409058
Bird 601.6 558.1680719999999 752.64 675.946278
Bird 826.88 634.980045 952.32 760.4393719999999
Bird 855.04 491.59708499999994 952.32 568.409058
Bird 867.84 555.607444 947.2 683.627399
