Bird 886.4 21.12 981.76 116.480256
Bird 0.0 460.79999999999995 61.44 533.76
Bird 62.72 385.280256 170.24 431.36025600000005
Bird 97.28 421.11974399999997 187.52 510.72
Bird 102.4 192.0 208.64 288.63974399999995
Bird 145.92 467.199744 207.36 549.12
Bird 263.68 421.11974399999997 355.2 515.199744
Bird 306.56 328.32 359.04 414.72
Bird 314.24 406.400256 416.0 454.400256
Bird 348.8 454.400256 416.0 516.48
Bird 360.32 289.92 455.68 341.76
Bird 375.04 291.20025599999997 459.52 378.879744
Bird 409.6 501.75974400000007 478.08 590.079744
Bird 435.84 237.44025600000003 507.52 319.359744
Bird 446.72 438.39974400000006 503.04 530.559744
Bird 501.76 355.20000000000005 592.0 438.39974400000006
Bird 507.52 205.44 604.16 288.63974399999995
Bird 528.64 335.36025600000005 645.12 455.679744
Bird 605.44 283.520256 679.04 384.0
Bird 626.56 272.64 713.6 308.480256
Bird 657.92 151.040256 744.32 259.839744
Bird 728.32 288.63974399999995 775.68 356.480256
Bird 732.16 284.79974400000003 812.8 398.72025600000006
Bird 736.0 112.640256 830.08 176.64000000000001
Bird 741.12 230.39999999999998 817.92 315.519744
Bird 803.84 362.88 860.16 463.359744
Bird 816.64 144.639744 901.76 258.560256
Bird 941.44 337.92 1011.2 417.27974399999994
Bird 954.24 224.000256 1023.36 366.71999999999997
