Bird 0.0 512.0 7.041047000000001 522.24
Bird 19.203228 791.04 42.247648 800.0
Bird 35.205918000000004 365.44 43.52759 383.36
Bird 43.52759 381.44 50.568636999999995 393.6
Bird 45.448186 241.28 56.329742 260.48
Bird 52.489233 480.64 69.772548 504.96
Bird 57.610367 403.84 68.491923 412.8
Bird 62.730818 126.08 71.69246100000001 143.36
Bird 62.730818 793.6 78.733508 807.68
Bird 62.730818 202.88 83.854642 215.04
Bird 66.57201 26.24 82.57469999999999 49.28
Bird 66.57201 682.24 83.854642 692.48
Bird 90.895689 246.4 101.777928 257.28
Bird 94.736881 286.72 99.857332 297.6
Bird 96.016823 341.12 106.89906199999999 355.2
Bird 99.857332 515.2 115.22005100000001 520.96
Bird 112.01951299999999 863.36 124.18169400000001 877.44
Bird 112.01951299999999 956.16 131.22274099999998 972.16
Bird 117.140647 536.32 126.10229 543.36
Bird 119.061243 520.96 138.26447100000001 529.28
Bird 129.302828 293.76 136.343875 304.64
Bird 129.302828 1009.92 152.346565 1018.88
Bird 133.143337 977.28 147.226114 981.12
Bird 135.06393300000002 649.6 140.18438400000002 658.56
Bird 138.26447100000001 614.4 150.426652 625.28
Bird 145.305518 703.36 155.547103 715.52
Bird 152.346565 658.56 162.58883300000002 665.6
Bird 152.346565 839.04 166.429342 855.04
Bird 166.429342 412.8 178.59152300000002 423.68
Bird 169.62987999999999 381.44 193.954242 403.84
Bird 171.549793 402.56 181.792061 412.8
Bird 171.549793 874.24 188.833108 889.6
Bird 180.51143600000003 581.12 193.954242 604.16
Bird 187.553166 486.4 199.71534699999998 496.64
Bird 197.794751 706.56 206.756394 713.6
Bird 197.794751 544.0 209.956932 552.96
Bird 199.71534699999998 164.48 206.756394 181.76
Bird 202.915885 529.92 213.797441 540.8
Bird 208.03633599999998 458.24 225.95962200000002 472.32
Bird 215.078066 712.32 224.03902599999998 722.56
Bird 224.03902599999998 503.68 233.000669 515.84
Bird 224.03902599999998 644.48 238.12180299999997 654.72
Bird 224.03902599999998 767.36 238.12180299999997 774.4
Bird 236.201207 267.52 243.24293699999998 285.44
Bird 238.12180299999997 181.76 246.443475 199.68
Bird 240.04239900000002 0.0 248.36338800000001 8.96
Bird 241.322341 71.68 252.20458 80.64
Bird 245.16285 460.16 257.325031 469.12
Bird 246.443475 253.44 260.52556899999996 272.64
Bird 250.283984 271.36 260.52556899999996 278.4
Bird 253.48452200000003 540.8 271.407808 547.84
Bird 269.487212 519.68 283.569989 524.8
Bird 271.407808 181.76 286.770527 202.88
Bird 272.68775 727.68 281.649393 734.72
Bird 288.69044 800.64 305.97375500000004 812.8
Bird 292.531632 687.36 304.693813 696.32
Bird 302.773217 938.88 316.855994 960.0
Bird 305.97375500000004 708.48 318.775907 720.64
Bird 316.855994 503.68 334.138626 514.56
Bird 320.056532 567.04 330.938088 575.36
Bird 321.97644499999996 531.84 332.21803 535.04
Bird 323.897041 594.56 330.938088 601.6
Bird 329.017492 712.32 343.10026899999997 720.64
Bird 330.938088 319.36 351.42194099999995 330.24
Bird 332.21803 581.12 341.179673 591.36
Bird 336.05922200000003 349.44 345.020865 364.8
Bird 339.25975999999997 197.76 348.221403 211.84
Bird 339.25975999999997 529.92 355.26245 552.96
Bird 341.179673 236.16 353.34185399999996 250.24
Bird 350.141316 363.52 360.383584 370.56
Bird 350.141316 279.04 362.303497 304.0
Bird 355.26245 931.84 371.26514 951.04
Bird 358.462988 99.84 364.22409300000004 117.12
Bird 367.42463100000003 581.12 383.427321 596.48
Bird 374.465678 238.08 383.427321 255.36
Bird 376.38627399999996 519.68 390.468368 533.76
Bird 377.666216 330.24 391.74899300000004 338.56
Bird 386.62785900000006 584.32 390.468368 589.44
Bird 386.62785900000006 974.08 402.630549 991.36
Bird 388.548455 58.88 403.91117399999996 87.04
Bird 390.468368 316.16 403.91117399999996 326.4
Bird 395.589502 423.68 409.672279 437.76
Bird 397.510098 565.12 409.672279 574.08
Bird 403.91117399999996 684.16 414.79273 698.24
Bird 410.952221 399.36 425.03499800000003 406.4
Bird 417.993268 277.76 430.155449 289.92
Bird 419.913864 401.28 439.117092 416.64
Bird 423.754373 464.0 437.196496 474.88
Bird 426.95491100000004 807.68 435.91655399999996 816.64
Bird 428.87550699999997 302.08 446.15813899999995 326.4
Bird 432.076045 411.52 442.957601 420.48
Bird 433.99595800000003 694.4 444.23822599999994 703.36
Bird 439.117092 598.4 455.119782 607.36
Bird 444.23822599999994 337.28 458.32032 344.32
Bird 451.279273 382.72 465.36205 391.04
Bird 455.119782 465.92 467.281963 472.96
Bird 462.161512 495.36 476.24360599999994 504.32
Bird 463.44145399999996 333.44 476.24360599999994 345.6
Bird 472.403097 231.04 484.56527800000003 243.2
Bird 477.52423100000004 139.52 489.68572900000004 151.68
Bird 486.48519100000004 743.68 498.64737199999996 759.04
Bird 488.405787 659.84 495.44683399999997 666.24
Bird 495.44683399999997 547.84 503.76850599999995 554.88
Bird 495.44683399999997 617.6 507.609015 640.0
Bird 505.689102 483.2 515.930687 490.24
Bird 505.689102 288.0 521.691792 316.16
Bird 510.809553 703.36 515.930687 708.48
Bird 512.730149 0.0 528.732839 20.48
Bird 515.930687 314.24 530.012781 321.28
Bird 517.851283 659.84 530.012781 670.08
Bird 517.851283 744.96 530.012781 753.92
Bird 521.691792 521.6 538.974424 542.72
Bird 522.971734 328.32 535.133915 340.48
Bird 526.812243 589.44 540.8950199999999 607.36
Bird 531.9333770000001 354.56 546.016154 363.52
Bird 533.853973 158.72 551.1366049999999 184.96
Bird 537.054511 862.08 558.178335 876.16
Bird 553.057201 504.32 563.298786 513.28
Bird 563.298786 328.32 572.260429 337.28
Bird 575.460967 528.64 584.4226100000001 537.6
Bird 596.584791 139.52 617.708615 160.64
Bird 601.705925 444.8 613.868106 456.96
Bird 619.628528 663.04 638.832439 675.2
Bird 622.829749 898.56 629.870796 910.72
Bird 622.829749 558.72 631.790709 570.88
Bird 626.670258 832.0 634.991247 840.96
Bird 634.991247 561.92 649.074024 574.08
Bird 638.832439 739.84 652.914533 762.88
Bird 645.873486 305.28 658.035667 319.36
Bird 650.9946199999999 1000.32 666.357339 1019.52
Bird 656.115071 328.32 672.117761 344.32
Bird 661.2362049999999 453.76 673.398386 465.92
