Bottle 49.28 206.720256 170.88 581.1202559999999
Bottle 102.4 179.199744 208.0 570.8797440000001
Bottle 120.96 154.239744 192.0 397.43999999999994
Bottle 211.84 92.16 958.08 603.519744
Bottle 218.88 104.31974400000001 615.68 560.64
Bottle 330.24 266.88 431.36 595.839744
Bottle 528.0 255.36 619.52 583.040256
Bottle 616.96 181.119744 738.56 596.480256
Bottle 627.2 156.15974400000002 682.88 323.840256
Bottle 689.92 177.279744 725.12 252.800256
Bottle 732.16 94.08 796.8 281.600256
Bottle 741.12 243.84 799.36 387.84000000000003
Bottle 801.92 226.56 848.64 291.20025599999997
Bottle 807.68 146.559744 848.64 229.11974400000003
Bottle 832.64 258.560256 903.68 438.39974400000006
Bottle 845.44 190.719744 883.84 264.96
Bottle 887.04 237.44025600000003 943.36 410.24025599999993
