Bottle 0.0 91.520064 90.24 349.44019199999997
Bottle 112.64 97.92 218.88 391.68
Bottle 127.36 0.0 204.8 218.240064
Bottle 212.48 0.0 256.0 254.07993599999998
Bottle 241.28 78.080256 339.84 442.880064
Bottle 308.48 19.199808 380.16 277.759872
Bottle 416.64 4.4801280000000006 479.36 299.52
Bottle 492.8 172.79999999999998 591.36 526.719744
Bottle 529.28 42.239808 597.76 268.160256
Bottle 572.8 118.400256 661.76 437.76
Bottle 640.0 67.200192 714.24 364.15987199999995
Bottle 682.88 223.360128 811.52 575.360064
Bottle 796.16 154.240128 848.64 490.23993599999994
Bottle 828.8 110.71987200000001 869.12 408.320064
Bottle 927.36 254.07993599999998 1023.36 534.400128
Bottle 928.64 209.279808 1023.36 439.03987199999995
Bottle 957.44 369.279936 1022.72 575.360064
