Bottle 155.496448 46.45888 386.844672 793.6
Bottle 0.0 0.0 94.815232 172.563456
Bottle 82.489344 0.0 162.132992 174.45888
Bottle 103.348224 307.2 152.651776 454.163456
Bottle 152.651776 305.303552 188.681216 446.577664
Bottle 158.34112 0.948224 181.096448 142.222336
Bottle 181.096448 0.0 219.97056 150.755328
Bottle 328.05888 0.0 1023.051776 166.874112
Bottle 415.289344 299.615232 484.503552 436.148224
Bottle 421.925888 450.37056 470.281216 556.563456
Bottle 758.518784 438.044672 926.34112 538.548224
Bottle 785.067008 283.496448 952.889344 430.45888
