Bottle 0.0 191.87672 18.56 339.62163000000004
Bottle 0.0 111.928315 37.12 177.166345
Bottle 0.0 143.26775 49.92 207.22688499999998
Bottle 3.2 186.75977 48.64 296.7694
Bottle 44.8 110.648735 92.16 212.98293999999999
Bottle 104.32 34.5377 136.96 90.182305
Bottle 239.36 25.58338 253.44 39.01486
Bottle 253.44 42.85223 295.68 140.07017
Bottle 349.44 181.003715 389.76 404.22055500000005
Bottle 353.28 230.89157999999998 392.32 427.88525000000004
Bottle 382.08 251.99779999999998 448.0 457.94579
Bottle 404.48 163.095075 433.28 283.33792
Bottle 416.0 203.389515 484.48 419.57071999999994
Bottle 449.28 163.095075 472.96 274.3836
Bottle 456.96 183.56219 492.16 303.165245
Bottle 468.48 225.77531499999998 533.12 440.67694
Bottle 523.52 178.44524 580.48 397.82471
Bottle 526.72 227.05420999999998 585.6 434.281095
Bottle 583.04 200.83104 644.48 424.04788
