Bottle 0.0 0.0 229.228544 450.091008
Bottle 215.842816 0.0 396.54912 426.667008
Bottle 252.653568 958.7456 358.065152 1022.326784
Bottle 336.313344 863.372288 505.307136 1022.326784
Bottle 388.18304 0.0 575.582208 411.608064
Bottle 515.346432 764.653568 635.81696 1022.326784
Bottle 527.058944 31.791104 655.895552 411.608064
Bottle 570.56256 721.149952 689.359872 1022.326784
Bottle 593.98656 71.947264 699.399168 404.9152
Bottle 634.143744 667.608064 756.287488 910.222336
Bottle 649.202688 98.71872 731.189248 396.54912
Bottle 687.686656 125.490176 766.326784 394.875904
Bottle 707.764224 644.18304 798.117888 870.065152
Bottle 734.53568 620.758016 806.483968 844.966912
Bottle 737.882112 143.895552 803.137536 389.856256
Bottle 739.555328 160.627712 801.46432 391.529472
Bottle 749.594624 155.608064 818.19648 386.509824
Bottle 759.63392 609.045504 828.235776 786.405376
Bottle 773.019648 595.659776 838.274048 784.73216
Bottle 779.712512 153.934848 836.600832 381.490176
Bottle 806.483968 565.542912 870.065152 741.228544
Bottle 813.176832 174.01344 855.006208 379.81696
Bottle 828.235776 543.791104 885.124096 719.476736
Bottle 836.600832 182.37952 871.738368 381.490176
Bottle 848.313344 112.104448 940.340224 235.921408
Bottle 863.372288 194.091008 890.143744 379.81696
Bottle 868.391936 525.385728 900.18304 672.627712
Bottle 868.391936 450.091008 998.90176 610.71872
Bottle 883.45088 210.823168 905.202688 383.163392
Bottle 885.124096 505.307136 911.895552 650.875904
Bottle 893.490176 528.73216 920.261632 644.18304
Bottle 908.54912 220.862464 921.934848 376.470528
Bottle 920.261632 217.516032 952.052736 371.45088
Bottle 935.320576 235.921408 963.764224 361.411584
Bottle 957.072384 256.0 988.862464 374.797312
Bottle 988.862464 259.346432 997.228544 371.45088
Bottle 1003.921408 274.405376 1022.326784 356.391936
