Bottle 115.45088 0.0 180.706304 222.53568
Bottle 120.470528 599.006208 174.01344 831.582208
Bottle 122.143744 281.09824 185.725952 542.117888
Bottle 163.974144 600.679424 230.90176 819.869696
Bottle 165.64736 306.19648 229.228544 525.385728
Bottle 175.686656 0.0 252.653568 220.862464
Bottle 219.189248 314.56256 286.117888 528.73216
Bottle 232.574976 0.0 304.523264 227.555328
Bottle 235.921408 614.065152 304.523264 831.582208
Bottle 282.771456 311.216128 356.391936 535.425024
Bottle 302.850048 0.0 366.431232 230.90176
Bottle 302.850048 595.659776 383.163392 833.2544
Bottle 353.045504 302.850048 409.934848 535.425024
Bottle 366.431232 0.0 436.706304 235.921408
Bottle 366.431232 599.006208 445.072384 826.56256
Bottle 388.18304 301.176832 470.1696 535.425024
Bottle 424.993792 580.600832 512.0 829.908992
Bottle 435.033088 0.0 506.980352 229.228544
Bottle 458.457088 299.503616 525.385728 530.405376
Bottle 485.228544 578.927616 547.137536 833.2544
Bottle 500.287488 0.0 557.176832 232.574976
Bottle 515.346432 301.176832 590.640128 538.771456
Bottle 537.09824 605.699072 614.065152 828.235776
Bottle 565.542912 311.216128 654.222336 543.791104
Bottle 575.582208 0.0 630.797312 235.921408
Bottle 599.006208 595.659776 670.954496 831.582208
Bottle 627.45088 0.0 675.974144 235.921408
Bottle 634.143744 322.927616 665.934848 421.64736
Bottle 652.54912 312.889344 711.110656 528.73216
Bottle 657.568768 595.659776 721.149952 836.600832
Bottle 692.706304 10.039296 749.594624 235.921408
Bottle 701.072384 311.216128 766.326784 530.405376
Bottle 722.823168 600.679424 793.09824 839.947264
Bottle 749.594624 324.600832 819.869696 535.425024
Bottle 759.63392 40.157184 799.791104 235.921408
Bottle 776.36608 617.411584 856.679424 831.582208
Bottle 806.483968 18.405376 851.659776 222.53568
Bottle 806.483968 317.908992 870.065152 527.058944
Bottle 831.582208 578.927616 866.71872 744.574976
Bottle 838.274048 593.98656 886.797312 831.582208
Bottle 856.679424 364.758016 898.509824 527.058944
Bottle 865.045504 21.751808 901.856256 235.921408
