Bottle 70.4 475.520256 163.2 758.4000000000001
Bottle 91.52 442.23974400000003 170.88 542.7202560000001
Bottle 151.04 490.23974400000003 258.56 755.840256
Bottle 185.6 430.719744 272.64 659.199744
Bottle 259.84 440.96025599999996 348.16 515.199744
Bottle 263.68 476.799744 370.56 750.72
Bottle 343.04 458.24025599999993 428.8 720.0
Bottle 423.68 478.08000000000004 481.92 692.480256
Bottle 479.36 476.799744 537.6 689.919744
Bottle 533.76 454.400256 604.8 665.600256
Bottle 557.44 549.7597440000001 634.24 752.000256
Bottle 594.56 460.79999999999995 680.32 671.360256
