Bottle 261.76 17.28441 418.56 341.84943
Bottle 0.0 225.97870500000002 53.12 764.359695
Bottle 8.32 12.1635 90.24 128.673765
Bottle 14.08 0.0 257.28 395.623575
Bottle 208.64 49.292775000000006 290.56 138.91635
Bottle 390.4 79.38099 439.04 156.20076
Bottle 432.64 41.610645 586.88 540.941445
Bottle 513.28 8.322435 579.2 152.35969500000002
Bottle 554.24 0.0 646.4 198.45171
Bottle 586.88 76.81976999999999 710.4 343.13004
Bottle 646.4 0.0 720.0 195.891255
Bottle 691.2 79.38099 809.6 338.00836499999997
Bottle 706.56 8.322435 822.4 249.66539999999998
Bottle 787.2 113.94981 889.6 320.723955
Bottle 801.92 0.0 941.44 272.071485
Bottle 860.8 113.94981 961.28 325.844865
Bottle 919.04 0.0 1023.36 215.09658
Bottle 921.6 132.51483 1023.36 334.1673
Bottle 987.52 145.31787 1023.36 290.63574
