Bottle 0.0 111.99974399999999 216.000512 611.199744
Bottle 75.199488 22.400256 190.399488 308.79974400000003
Bottle 100.800512 0.0 217.6 305.600256
Bottle 184.000512 0.0 519.999488 241.599744
Bottle 241.600512 38.400000000000006 344.000512 310.400256
Bottle 280.000512 107.19974400000001 435.2 500.799744
Bottle 414.399488 105.60000000000001 542.400512 435.200256
Bottle 536.000512 134.39999999999998 651.200512 387.200256
Bottle 638.400512 99.200256 734.400512 348.800256
Bottle 721.599488 96.0 811.200512 313.599744
