Bottle 0.0 814.08 66.55229 986.452992
Bottle 97.268626 766.292992 172.353384 954.027008
Bottle 189.417634 559.787008 213.30827000000002 619.52
Bottle 189.417634 735.572992 250.850992 930.132992
Bottle 208.189338 559.787008 228.666438 621.227008
Bottle 216.72111999999998 556.372992 233.786056 583.68
Bottle 225.25358799999998 568.32 245.731374 622.932992
Bottle 232.079288 559.787008 247.438142 583.68
Bottle 269.62201 696.32 320.81613200000004 802.132992
Bottle 370.30348599999996 669.012992 406.13944 728.747008
Bottle 426.61722599999996 643.412992 467.572112 737.28
Bottle 481.224198 622.932992 513.646616 682.667008
