Bottle 629.76 243.20025599999997 755.84 508.160256
Bottle 22.4 672.639744 195.84 767.360256
Bottle 49.28 419.840256 178.56 660.48
Bottle 162.56 248.960256 291.2 483.200256
Bottle 165.76 426.24 292.48 664.3199999999999
Bottle 192.0 663.039744 359.68 767.360256
Bottle 267.52 412.79999999999995 403.84 670.719744
Bottle 332.16 247.68 452.48 478.08000000000004
Bottle 344.32 672.639744 505.6 767.360256
Bottle 399.36 408.96 501.12 655.359744
Bottle 490.88 663.039744 659.84 767.360256
Bottle 492.16 418.56000000000006 625.92 663.039744
Bottle 604.8 410.24025599999993 730.24 652.8
Bottle 658.56 669.440256 834.56 767.360256
Bottle 710.4 406.400256 840.32 656.64
Bottle 776.32 234.24 904.96 484.479744
Bottle 818.56 666.8797440000001 1000.32 767.360256
Bottle 826.88 407.679744 956.16 640.640256
Bottle 976.0 669.440256 1023.36 767.360256
