Bottle 11.52 154.92508 138.88 566.565555
Bottle 0.0 293.84582 21.76 599.855185
Bottle 0.0 577.448835 34.56 684.359525
Bottle 17.92 565.92508 134.4 684.359525
Bottle 113.28 551.201005 234.24 684.359525
Bottle 114.56 128.67725 232.96 593.453175
Bottle 208.0 538.396985 331.52 684.359525
Bottle 214.4 128.67725 323.2 567.205345
Bottle 309.12 524.953175 419.2 677.317725
Bottle 314.24 123.55619 415.36 567.205345
Bottle 390.4 120.99565999999999 510.72 565.92508
Bottle 412.8 518.5511650000001 506.88 668.355185
Bottle 492.8 113.31338500000001 588.16 531.355185
Bottle 497.92 501.26655999999997 601.6 645.948835
Bottle 574.08 493.584285 681.6 627.38328
Bottle 580.48 114.59365 679.04 524.953175
Bottle 673.92 104.990635 759.04 521.11238
Bottle 673.92 484.62174500000003 765.44 619.701005
Bottle 748.16 104.990635 840.32 519.8321149999999
Bottle 756.48 467.33645500000006 842.88 601.13545
Bottle 816.64 104.990635 905.6 491.02306999999996
Bottle 826.88 458.37391499999995 913.92 599.855185
Bottle 891.52 92.186615 987.52 487.182275
Bottle 891.52 452.61238 996.48 577.448835
Bottle 967.68 97.30836 1023.36 484.62174500000003
Bottle 968.96 441.088625 1023.36 567.205345
