Bottle 74.24 167.04 230.4 280.959744
Bottle 84.48 494.079744 214.4 628.479744
Bottle 88.96 308.480256 122.88 422.40000000000003
Bottle 117.76 307.20000000000005 147.2 419.840256
Bottle 149.76 316.79999999999995 178.56 418.56000000000006
Bottle 152.32 645.7597440000001 416.64 767.360256
Bottle 168.32 308.480256 200.96 417.27974399999994
Bottle 211.84 304.640256 439.04 419.840256
Bottle 317.44 0.0 346.88 108.80025599999999
Bottle 325.76 469.76025599999997 446.08 604.8
Bottle 338.56 151.040256 436.48 280.959744
Bottle 398.08 0.0 424.96 108.80025599999999
Bottle 428.8 169.599744 762.24 277.119744
Bottle 431.36 311.04 558.08 412.79999999999995
Bottle 441.6 9.600000000000001 458.88 108.80025599999999
Bottle 457.6 33.279744 492.16 95.36025599999999
Bottle 461.44 465.920256 750.08 594.560256
Bottle 470.4 499.839744 499.2 591.999744
Bottle 546.56 628.479744 763.52 767.360256
Bottle 556.8 308.480256 752.64 408.96
Bottle 776.32 665.600256 973.44 767.360256
Bottle 804.48 170.88 823.04 279.680256
Bottle 804.48 336.63974399999995 835.84 405.12
Bottle 821.76 168.320256 844.16 277.119744
Bottle 838.4 168.320256 855.68 217.599744
Bottle 838.4 332.15999999999997 867.84 402.56025600000004
Bottle 849.28 475.520256 1023.36 629.76
Bottle 858.24 189.440256 1023.36 268.79999999999995
Bottle 874.24 302.079744 1023.36 423.680256
Bottle 875.52 83.840256 1023.36 174.72
