Bottle 0.0 96.0 17.28 197.76
Bottle 0.0 135.68025599999999 150.4 666.8797440000001
Bottle 28.8 98.559744 110.72 243.84
Bottle 106.88 111.35999999999999 183.68 243.84
Bottle 108.16 161.91974399999998 272.0 693.7597440000001
Bottle 113.28 0.0 301.44 221.43974400000002
Bottle 233.6 118.400256 347.52 554.88
Bottle 291.84 0.0 466.56 274.56
Bottle 331.52 145.92000000000002 473.6 639.36
Bottle 372.48 129.920256 448.0 236.16
Bottle 424.32 0.0 503.68 148.479744
Bottle 435.2 138.24 507.52 357.759744
Bottle 465.28 0.0 642.56 207.999744
Bottle 471.68 152.31974400000001 613.76 595.839744
Bottle 579.2 161.91974399999998 638.72 362.88
Bottle 580.48 168.320256 755.2 640.640256
Bottle 597.76 0.0 662.4 161.91974399999998
Bottle 637.44 0.0 807.68 278.4
Bottle 728.32 207.999744 931.2 723.84
Bottle 735.36 172.160256 890.24 624.639744
Bottle 810.88 0.0 994.56 207.999744
Bottle 880.64 211.839744 1023.36 701.439744
Bottle 920.32 195.20025599999997 997.12 343.040256
