Bottle 180.48 85.790052 333.44 452.000226
Bottle 245.12 503.858412 566.4 647.268972
Bottle 366.08 183.74478 456.32 404.622942
Bottle 376.32 291.303378 508.8 517.303152
Bottle 398.72 51.218154 486.4 293.86418399999997
Bottle 496.0 223.43896800000002 654.72 469.92654600000003
Bottle 519.04 258.651576 708.48 557.637372
Bottle 524.8 68.504442 621.44 270.175542
Bottle 618.88 464.804256 739.84 626.1418140000001
Bottle 650.24 115.881048 775.04 295.144248
Bottle 662.4 228.56058000000002 780.16 500.016864
Bottle 920.96 37.133382 1023.36 391.178202
Bottle 960.0 142.13049600000002 1023.36 426.39081
