Bottle 37.76 480.63974399999995 161.28 519.039744
Bottle 37.76 540.159744 212.48 581.1202559999999
Bottle 52.48 660.48 199.04 695.04
Bottle 53.76 605.439744 199.04 643.2
Bottle 67.2 711.039744 151.68 750.72
Bottle 260.48 40.959744 429.44 95.36025599999999
Bottle 261.76 97.92 429.44 141.440256
Bottle 274.56 0.0 429.44 39.680256
Bottle 455.68 19.839744 670.08 60.800256000000005
Bottle 465.28 0.0 650.24 23.679744
Bottle 469.12 65.91974400000001 672.64 115.19999999999999
Bottle 498.56 120.320256 663.68 165.12
Bottle 698.24 1.92 852.48 39.039744
Bottle 698.24 104.96025600000002 862.08 164.480256
Bottle 699.52 44.160000000000004 851.2 107.52000000000001
