Bottle 136.96 40.32 220.16 154.239744
Bottle 153.6 298.239744 227.84 494.079744
Bottle 168.32 147.200256 240.0 279.680256
Bottle 205.44 314.240256 225.28 462.08025599999996
Bottle 224.0 298.239744 293.76 500.480256
Bottle 225.28 28.160255999999997 293.76 142.07999999999998
Bottle 232.96 145.92000000000002 307.2 277.119744
Bottle 293.76 263.679744 352.0 462.08025599999996
Bottle 300.8 145.92000000000002 371.84 274.56
Bottle 365.44 279.680256 410.24 446.079744
Bottle 378.88 144.639744 451.2 261.12
Bottle 396.16 302.079744 439.68 470.40000000000003
Bottle 417.28 277.119744 464.64 438.39974400000006
Bottle 454.4 155.52 509.44 284.79974400000003
Bottle 464.64 295.68 519.04 442.23974400000003
Bottle 517.76 144.639744 595.84 274.56
Bottle 519.04 287.36025600000005 587.52 440.96025599999996
Bottle 595.84 305.919744 680.32 613.119744
Bottle 688.0 435.84000000000003 808.32 695.04
Bottle 721.28 522.8797440000001 824.32 752.000256
Bottle 795.52 568.3199999999999 882.56 767.360256
