Bottle 181.76 103.75254 303.36 550.786212
Bottle 257.28 60.202259999999995 336.64 403.483392
Bottle 323.84 114.000228 437.76 558.471636
Bottle 375.04 61.483391999999995 453.12 274.112316
Bottle 463.36 55.078416 541.44 390.674124
Bottle 483.84 105.033672 596.48 568.719324
Bottle 574.72 60.202259999999995 666.88 397.078416
Bottle 619.52 107.595252 733.44 554.628924
Bottle 714.24 60.202259999999995 771.84 375.303276
Bottle 762.88 105.033672 913.92 575.123616
Bottle 780.8 57.640679999999996 872.96 266.426892
