Bottle 0.0 281.234457 112.64 841.141035
Bottle 170.24 143.50028700000001 348.8 531.077715
Bottle 339.84 215.89058400000002 462.08 511.859334
Bottle 494.72 145.42203899999998 606.72 374.12516400000004
Bottle 512.64 367.077879 574.72 529.155963
Bottle 576.0 177.45296100000002 660.48 372.843996
Bottle 629.12 177.45296100000002 696.96 359.390871
Bottle 719.36 463.171506 832.64 723.26583
Bottle 798.72 362.59379099999995 869.76 517.62459
Bottle 869.76 35.875287 946.56 203.07804299999998
Bottle 892.16 6.40584 1023.36 388.859457
