Bottle 9.6 0.0 237.44 739.839744
Bottle 42.24 0.639744 154.24 675.2002560000001
Bottle 90.88 3.2002559999999995 182.4 386.559744
Bottle 161.92 0.0 426.24 741.12
Bottle 166.4 5.76 245.76 323.199744
Bottle 405.12 0.0 439.68 224.000256
Bottle 418.56 0.0 728.96 748.160256
Bottle 424.32 17.919744 461.44 258.560256
Bottle 435.84 8.319744 456.96 233.600256
Bottle 695.68 0.0 787.84 587.52
Bottle 727.68 0.0 993.92 742.400256
Bottle 730.24 0.0 819.2 278.4
Bottle 741.76 4.479744 802.56 151.040256
Bottle 938.24 0.0 1023.36 693.7597440000001
