Bottle 416.0 276.799488 536.000512 592.0
Bottle 0.0 281.6 76.8 619.200512
Bottle 80.0 286.399488 209.600512 619.200512
Bottle 161.600512 0.0 347.200512 374.4
Bottle 185.6 539.200512 331.200512 790.4
Bottle 203.199488 284.8 318.399488 617.6
Bottle 304.0 292.799488 420.799488 619.200512
Bottle 391.999488 528.0 534.4 787.2
Bottle 414.399488 14.399488 644.799488 377.6
Bottle 515.2 295.999488 632.000512 608.0
Bottle 576.0 524.8 718.400512 775.999488
Bottle 625.599488 302.399488 740.799488 606.400512
Bottle 684.8 24.000512 860.8 379.200512
Bottle 739.2 297.6 843.200512 606.400512
Bottle 747.200512 518.4 892.8 764.8
Bottle 820.799488 295.999488 937.6 604.8
Bottle 920.000512 526.400512 1022.400512 764.8
Bottle 924.8 294.4 1022.400512 608.0
