Bottle 0.0 372.69867800000003 95.36 406.63840799999997
Bottle 0.0 167.778138 179.2 265.755622
Bottle 1.92 276.642388 163.2 357.970206
Bottle 7.04 422.007278 171.52 459.148998
Bottle 16.64 171.620526 239.36 330.433774
Bottle 99.2 341.96025599999996 184.32 400.234428
Bottle 124.16 115.267548 215.68 188.91058999999998
Bottle 149.12 500.773504 284.16 584.022516
Bottle 160.64 247.82515999999998 243.2 327.872182
Bottle 160.64 418.165572 256.64 496.93111600000003
Bottle 172.8 340.680142 245.12 395.752324
Bottle 193.92 49.308600000000006 255.36 145.36557200000001
Bottle 193.92 125.51391600000001 356.48 208.121848
Bottle 215.68 226.692708 298.88 313.14371
Bottle 226.56 327.872182 298.88 405.35761199999996
Bottle 247.68 0.0 336.64 81.968216
Bottle 256.64 439.297342 348.16 514.221862
Bottle 256.64 325.31059 374.4 400.234428
Bottle 269.44 537.915224 412.8 637.813902
Bottle 288.0 70.441052 360.32 172.901322
Bottle 290.56 197.876162 370.56 277.923184
Bottle 339.2 11.526482 474.24 131.917214
Bottle 356.48 449.54371000000003 478.08 540.476816
Bottle 359.04 308.020526 456.32 398.95431399999995
Bottle 361.6 159.45364600000002 451.84 260.63312
Bottle 370.56 582.74172 488.96 681.359602
Bottle 407.68 0.0 561.28 78.125828
Bottle 424.32 119.109936 572.8 245.263568
Bottle 431.36 284.326482 583.04 401.51522400000005
Bottle 450.56 448.262914 609.28 556.486084
Bottle 460.16 614.119858 606.72 681.359602
Bottle 566.4 28.17683 740.48 195.31457
Bottle 566.4 443.13973000000004 790.4 591.7072919999999
Bottle 571.52 249.10595600000002 773.76 404.076816
Bottle 576.64 645.4986779999999 768.0 681.359602
Bottle 696.32 224.131116 992.64 391.909936
Bottle 698.88 0.0 990.08 145.36557200000001
Bottle 709.12 479.00065400000005 1023.36 644.217882
Bottle 956.16 521.905956 1023.36 670.473518
Bottle 966.4 221.57020599999998 1023.36 375.26027000000005
