Bottle 569.6 549.7597440000001 633.6 659.199744
Bottle 103.68 504.96 325.76 631.040256
Bottle 315.52 542.079744 362.88 633.5999999999999
Bottle 360.32 517.119744 397.44 641.28
Bottle 400.0 543.36 438.4 641.28
Bottle 439.68 558.080256 487.04 643.839744
Bottle 464.64 539.52 496.64 645.7597440000001
Bottle 490.24 555.519744 525.44 648.320256
Bottle 537.6 546.560256 577.28 649.599744
Bottle 613.12 543.36 643.2 656.000256
Bottle 726.4 540.800256 835.2 659.840256
Bottle 820.48 583.040256 869.76 662.4000000000001
Bottle 844.16 564.48 876.16 661.119744
Bottle 872.32 559.359744 906.88 665.600256
Bottle 880.0 554.2402559999999 939.52 669.440256
Bottle 924.8 561.920256 964.48 669.440256
Bottle 977.92 580.479744 1023.36 673.280256
Bottle 992.64 546.560256 1023.36 637.4399999999999
Bottle 993.92 586.239744 1023.36 673.280256
