Book 0.0 97.92 176.0 156.15974400000002
Book 9.6 166.400256 182.4 239.36025600000002
Book 66.56 238.07999999999998 188.16 312.320256
Book 76.8 313.599744 198.4 384.63974399999995
Book 94.08 386.559744 203.52 457.599744
Book 176.0 97.92 320.0 154.880256
Book 182.4 168.320256 341.12 224.64
Book 188.16 227.840256 338.56 298.880256
Book 200.96 302.079744 291.2 359.04
Book 210.56 371.840256 320.0 435.84000000000003
Book 341.12 165.12 392.96 203.52
Book 342.4 207.999744 395.52 256.640256
Book 350.72 256.640256 400.64 305.28000000000003
Book 386.56 104.31974400000001 493.44 151.040256
Book 392.96 169.599744 506.88 209.28000000000003
Book 395.52 216.95999999999998 514.56 270.080256
Book 401.92 289.92 436.48 307.20000000000005
Book 464.64 341.120256 522.88 383.36025600000005
Book 480.0 275.199744 520.96 317.439744
Book 550.4 410.24025599999993 583.68 468.48
Book 567.68 243.20025599999997 609.92 272.64
Book 577.92 153.60000000000002 846.72 243.20025599999997
Book 694.4 506.88 723.84 596.480256
Book 696.96 112.640256 723.84 152.31974400000001
Book 725.12 282.879744 742.4 327.03974400000004
Book 736.64 559.359744 902.4 763.520256
Book 751.36 432.63974399999995 875.52 543.36
Book 760.96 300.159744 923.52 426.24
Book 784.64 146.559744 1018.88 270.080256
Book 820.48 122.88 848.0 148.479744
Book 842.24 469.76025599999997 912.64 574.719744
Book 856.96 125.439744 878.08 149.76
