Book 433.92 330.608199 529.92 415.82269399999996
Book 437.76 200.54314300000001 529.92 247.955637
Book 437.76 255.644168 529.92 325.482284
Book 548.48 364.565593 687.36 456.828648
Book 548.48 214.63889700000001 691.2 278.06910700000003
Book 551.04 438.247633 687.36 515.773597
Book 551.04 278.06910700000003 688.64 360.721669
Book 933.76 506.163104 1023.36 588.1743290000001
Book 936.32 256.926159 1023.36 367.12820899999997
Book 938.88 367.12820899999997 1023.36 497.193265
Book 940.8 178.11820400000002 1023.36 243.471059
Book 986.24 288.320937 999.04 361.362323
