Book 0.0 520.959744 564.48 732.159744
Book 2.56 309.759744 32.0 339.20025599999997
Book 60.16 271.359744 129.28 317.439744
Book 90.88 308.480256 197.12 366.080256
Book 116.48 465.920256 180.48 520.959744
Book 117.76 392.96025599999996 204.8 437.76
Book 171.52 677.1202559999999 362.24 720.639744
Book 272.64 158.720256 866.56 302.079744
Book 314.88 277.760256 864.0 354.560256
Book 504.32 432.63974399999995 791.04 499.20000000000005
Book 514.56 350.720256 866.56 424.959744
Book 519.68 497.91974400000004 568.32 555.519744
Book 858.88 154.880256 990.72 247.040256
Book 864.0 355.839744 938.24 437.76
Book 864.0 252.159744 1006.08 336.63974399999995
Book 870.4 450.56025600000004 956.16 535.040256
