Book 0.0 383.146608 62.72 539.480527
Book 0.0 87.777794 297.6 272.943875
Book 1.28 623.413714 57.6 682.359346
Book 5.12 0.0 99.2 54.460371
Book 44.16 380.58330900000004 188.8 545.88775
Book 90.24 629.8209370000001 171.52 682.359346
Book 110.08 0.0 233.6 65.352855
Book 147.84 393.39775499999996 270.08 551.012982
Book 179.84 645.838653 267.52 682.359346
Book 243.84 0.0 297.6 67.915471
Book 251.52 359.439678 298.88 556.1388969999999
Book 322.56 119.172572 473.6 314.5898
Book 344.96 0.0 504.96 24.346901
Book 465.28 159.537189 624.0 314.5898
Book 544.0 0.0 672.64 28.191508
Book 627.2 121.73518800000001 802.56 309.464568
Book 653.44 420.948609 747.52 564.468082
Book 654.72 162.10048799999998 816.0 317.153099
Book 742.4 0.0 849.92 26.9102
Book 742.4 372.254124 880.0 561.905466
Book 757.12 615.725183 839.68 682.359346
Book 803.84 131.987018 886.4 324.20097599999997
Book 823.68 631.102245 838.4 682.359346
Book 833.92 661.215715 857.6 682.359346
Book 856.32 622.132406 871.04 682.359346
Book 871.04 607.3959980000001 881.28 682.359346
Book 901.12 314.5898 1023.36 523.462128
Book 904.96 553.576281 1023.36 682.359346
Book 908.8 137.11225000000002 1023.36 278.06910700000003
Book 910.08 0.0 1023.36 66.634163
