Book 261.999616 219.999764 357.000192 385.00027
Book 348.99968 237.000317 419.00032 262.000166
Book 350.999552 330.000329 417.000448 357.999914
Book 352.0 361.000333 412.99968 398.999721
Book 353.000448 302.00006099999996 416.0 328.999734
Book 357.000192 264.999902 414.999552 293.00016999999997
Book 396.99968 191.00026699999998 414.999552 216.000116
Book 412.000256 169.00015399999998 492.99968 212.999697
Book 412.000256 208.000137 499.999744 256.99992299999997
Book 412.99968 370.000224 496.0 402.00014
Book 419.999744 247.00012 499.999744 281.999772
Book 423.000064 293.00016999999997 488.999936 321.999667
Book 423.000064 328.999734 499.999744 357.000002
Book 496.0 196.999739 609.000448 234.99981
Book 497.999872 240.000053 611.00032 271.999969
Book 499.999744 153.000196 574.000128 192.000179
Book 504.999936 325.999998 611.00032 362.000245
Book 506.000384 276.00030000000004 609.999872 320.999755
Book 512.0 361.000333 622.000128 414.99967899999996
Book 602.000384 102.999815 762.999808 168.000242
Book 613.000192 233.999898 618.000384 263.00007800000003
Book 613.000192 148.999865 766.000128 217.000028
Book 613.000192 263.99998999999997 771.00032 313.999688
Book 618.999808 204.99971800000003 769.999872 263.99998999999997
Book 622.000128 318.000019 766.999552 361.000333
Book 622.000128 372.000048 773.999616 419.00001
Book 675.00032 585.9996570000001 942.999552 659.999975
Book 769.999872 537.999783 922.999808 606.999858
Book 892.000256 517.000265 1022.999552 682.000088
