Book 0.0 360.888576 62.222336 488.888832
Book 0.0 540.444672 90.667008 647.111424
Book 72.889344 387.55584 158.222336 488.888832
Book 113.777664 567.111168 138.667008 647.111424
Book 119.110656 536.888832 197.332992 574.22208
Book 128.0 558.222336 190.222336 659.555328
Book 156.444672 362.666496 256.0 501.33350399999995
Book 184.889344 574.22208 211.555328 668.44416
Book 200.889344 522.667008 302.222336 679.110912
Book 254.222336 417.77740800000004 380.444672 517.3332479999999
Book 289.777664 538.6667520000001 410.667008 700.444416
Book 394.667008 391.110912 526.222336 535.110912
Book 401.777664 600.888576 558.222336 737.777664
Book 513.777664 384.0 648.889344 551.111424
Book 570.667008 602.666496 693.332992 757.3332479999999
Book 606.222336 188.44416 696.889344 293.332992
Book 695.110656 405.33350399999995 862.222336 581.332992
Book 721.777664 654.222336 872.889344 764.44416
Book 856.889344 442.66675200000003 1022.222336 590.222592
Book 897.777664 656.000256 1022.222336 766.22208
