Book 0.0 95.45508899999999 158.72 680.359179
Book 127.36 156.316059 230.4 680.359179
Book 127.36 103.783719 318.72 680.359179
Book 282.88 136.456056 400.0 680.359179
Book 386.56 163.363047 487.04 680.359179
Book 461.44 200.52044999999998 551.04 680.359179
Book 508.8 0.0 557.44 51.25137900000001
Book 532.48 216.536208 602.24 680.359179
Book 558.72 0.0 597.76 69.188919
Book 568.96 217.817169 627.2 665.624382
Book 587.52 0.0 609.92 87.767961
Book 616.32 0.0 650.24 123.00290100000001
Book 617.6 224.224017 668.8 629.108481
Book 640.0 0.0 673.92 136.456056
