Book 1.28 399.99974399999996 168.32 455.679744
Book 2.56 380.15999999999997 133.76 399.99974399999996
Book 158.72 368.00025600000004 296.32 403.839744
Book 161.28 432.63974399999995 287.36 480.63974399999995
Book 165.76 405.12 286.08 458.24025599999993
Book 446.08 440.96025599999996 478.72 476.799744
Book 448.64 481.91999999999996 480.0 516.48
Book 520.96 494.079744 554.24 537.5999999999999
Book 522.88 537.5999999999999 556.8 574.719744
Book 530.56 454.400256 562.56 495.36
Book 552.96 540.159744 583.68 582.399744
Book 556.8 459.519744 591.36 500.480256
Book 584.96 505.599744 615.04 550.400256
Book 588.8 463.359744 622.08 500.480256
Book 616.32 510.72 653.44 553.599744
Book 623.36 468.48 652.16 509.43974399999996
Book 656.0 469.76025599999997 689.28 513.920256
Book 688.0 474.24 726.4 516.48
Book 731.52 581.1202559999999 773.76 635.52
Book 735.36 480.63974399999995 771.2 526.719744
Book 735.36 529.280256 784.64 579.84
Book 763.52 484.479744 805.76 535.040256
Book 777.6 540.159744 818.56 587.52
Book 824.32 540.159744 876.8 597.12
Book 834.56 494.079744 878.08 541.4399999999999
