Book 383.36 479.111318 416.0 541.882376
Book 388.48 564.300856 409.6 627.712638
Book 430.08 573.268248 463.36 637.960792
Book 430.08 650.771156 464.64 685.359276
Book 432.0 463.09801999999996 452.48 535.477194
Book 469.76 440.67954000000003 547.2 531.634222
Book 484.48 548.928282 536.96 646.928184
Book 573.44 346.52261 657.28 375.346272
Book 573.44 410.575116 659.84 516.9016859999999
Book 577.28 564.300856 662.4 662.941482
Book 712.32 167.816866 874.88 301.686336
Book 718.72 316.418186 863.36 494.48389199999997
Book 734.72 541.2416519999999 759.68 674.4703979999999
Book 757.12 545.7253479999999 868.48 678.314056
