Book 7.68 606.299982 316.16 661.359846
Book 10.24 240.086878 316.16 338.04235600000004
Book 15.36 485.29565 314.88 574.28831
Book 15.36 356.60947 316.16 451.363516
Book 327.68 375.175922 593.92 452.643824
Book 330.24 256.732868 592.64 346.365682
Book 331.52 486.57662000000005 583.68 567.886108
Book 338.56 594.13507 597.76 660.079538
Book 603.52 271.458396 831.36 359.17008599999997
Book 608.64 380.297816 826.24 456.48541
Book 608.64 484.01534200000003 837.12 560.202936
Book 613.76 586.45256 819.84 660.079538
Book 860.16 356.60947 1023.36 460.326996
Book 863.36 259.294146 1023.36 356.60947
Book 864.64 481.45472599999994 1023.36 562.764214
Book 865.92 586.45256 1020.8 661.359846
