Book 0.0 314.5898 60.16 339.578038
Book 0.0 328.0449 76.16 362.002977
Book 0.0 155.693265 92.8 187.08804300000003
Book 0.0 433.121718 115.2 535.63592
Book 58.88 183.244119 112.64 322.27833100000004
Book 85.12 410.696779 147.84 488.22342599999996
Book 140.16 385.709224 188.8 424.79253300000005
Book 222.72 258.207467 888.32 682.359346
Book 783.36 0.0 849.92 5.7665690000000005
Book 798.72 83.292533 919.68 158.255881
Book 809.6 12.814446 927.36 67.915471
Book 965.12 208.231674 1023.36 289.602245
Book 973.44 310.745876 1023.36 385.709224
Book 982.4 390.83513899999997 1023.36 472.20571
