Book 0.0 112.80000000000001 92.8 319.20000000000005
Book 0.0 591.2002560000001 203.199488 767.199744
Book 0.0 364.79999999999995 236.8 591.2002560000001
Book 90.399744 115.19999999999999 231.199744 327.20025599999997
Book 231.199744 107.19974400000001 351.200256 318.399744
Book 355.2 95.199744 486.4 308.79974400000003
Book 460.8 687.2002560000001 831.200256 767.199744
Book 492.8 94.400256 668.8 350.4
Book 498.400256 408.800256 663.199744 678.399744
Book 668.8 430.400256 850.400256 698.4000000000001
Book 675.2 79.19999999999999 871.199744 344.79974400000003
Book 847.200256 432.800256 1023.200256 730.400256
Book 892.8 74.4 1023.200256 368.79974400000003
