Book 140.888064 347.52 252.317696 380.79974400000003
Book 212.61312 526.08 288.820224 609.920256
Book 217.736192 495.99974399999996 284.978176 526.08
Book 235.026432 613.760256 286.2592 637.4399999999999
Book 286.2592 530.559744 348.378112 611.199744
Book 710.203392 192.0 863.259648 298.880256
Book 727.494656 0.0 773.603328 85.760256
Book 740.302848 574.08 802.42176 677.1202559999999
Book 778.7264 0.0 820.993024 39.680256
Book 808.184832 574.08 851.73248 673.280256
Book 822.274048 0.0 896.560128 67.19999999999999
Book 851.73248 568.959744 900.4032 664.959744
Book 864.540672 187.520256 972.127232 298.880256
Book 896.560128 0.0 947.151872 69.759744
Book 934.984704 403.20000000000005 1023.36 531.84
Book 950.99392 0.0 1022.078976 71.03999999999999
Book 979.812352 187.520256 1023.36 298.880256
