Book 0.0 48.0 264.96 226.56
Book 5.12 131.84025599999998 58.24 230.39999999999998
Book 481.28 0.0 721.28 13.440000000000001
Book 485.76 14.720256 726.4 78.72
Book 508.16 61.44 721.28 139.520256
Book 539.52 113.919744 715.52 193.28025599999998
Book 549.12 154.880256 670.72 232.959744
Book 728.96 135.03974399999998 767.36 190.719744
Book 742.4 66.560256 778.88 120.96000000000001
Book 743.68 0.0 841.6 48.0
Book 764.8 133.760256 803.2 185.600256
Book 772.48 69.12 800.64 122.240256
Book 837.12 272.64 1023.36 371.840256
Book 845.44 0.0 1023.36 34.56
Book 850.56 159.35999999999999 1023.36 266.240256
Book 853.12 46.719744 1023.36 156.800256
