Book 0.0 132.48 233.6 279.680256
Book 16.64 291.20025599999997 330.24 572.7997439999999
Book 24.32 293.76 274.56 385.280256
Book 69.76 494.72025600000006 330.24 767.360256
Book 243.84 204.159744 520.32 440.96025599999996
Book 316.8 414.08025599999996 501.76 513.2797439999999
Book 569.6 412.79999999999995 766.72 653.439744
Book 570.88 147.200256 762.88 369.279744
Book 572.16 299.52 757.12 513.2797439999999
Book 651.52 519.039744 764.16 668.16
Book 752.0 427.520256 840.32 599.679744
Book 766.72 225.279744 874.88 370.56
Book 770.56 333.44025600000003 867.2 472.32
Book 770.56 123.519744 880.0 255.36
