Book 101.547008 312.11548799999997 178.347008 393.129252
Book 101.547008 121.94684400000001 293.547008 188.46309899999997
Book 104.107008 225.132693 293.547008 280.562529
Book 106.667008 28.141869000000003 291.84 90.393885
Book 180.907008 327.465393 284.16 386.307072
Book 296.96 308.704398 482.132992 364.987383
Book 296.96 225.132693 483.84 287.38470900000004
Book 299.52 36.669594 426.667008 95.51052
Book 302.08 131.326965 491.52 188.46309899999997
Book 494.08 231.95487300000002 680.96 285.679164
Book 495.787008 323.201907 678.4 364.987383
Book 498.347008 45.197319 675.84 98.06921399999999
Book 498.347008 133.03251 678.4 195.285279
Book 684.372992 46.902864 855.04 107.44933499999999
Book 684.372992 140.707839 856.747008 200.40191399999998
Book 688.64 232.807269 855.04 294.206889
Book 688.64 323.201907 861.012992 391.42370700000004
Book 868.692992 230.249328 921.6 291.648948
Book 875.52 338.551812 925.867008 380.337288
Book 878.08 121.94684400000001 928.427008 203.813004
Book 900.267008 0.8531489999999999 969.387008 92.09943
Book 958.292992 83.571705 1023.147008 169.70210400000002
Book 967.68 217.45736399999998 1023.147008 272.887953
