Book 0.0 205.51264799999998 29.44 430.23235800000003
Book 0.0 492.334446 36.48 677.359968
Book 3.84 0.0 556.16 140.209722
Book 22.4 486.57212400000003 62.72 677.359968
Book 24.96 203.59187400000002 61.44 437.914776
Book 49.92 497.456058 96.64 677.359968
Book 52.48 207.433422 90.24 435.35397
Book 66.56 500.016864 116.48 674.158452
Book 87.68 204.872616 121.6 432.793164
Book 88.96 507.69996000000003 136.32 672.8783880000001
Book 117.76 204.872616 146.56 430.23235800000003
Book 121.6 507.69996000000003 160.0 676.0792260000001
Book 145.28 207.433422 175.36 436.63471200000004
Book 146.56 507.69996000000003 183.68 671.597646
Book 167.68 522.424764 192.64 677.359968
Book 170.24 207.433422 202.88 431.512422
Book 193.92 512.821572 215.04 677.359968
Book 204.16 207.433422 217.6 432.793164
Book 215.04 512.821572 238.72 674.158452
Book 221.44 207.433422 227.84 434.07390599999997
Book 227.84 212.55503399999998 241.28 428.951616
Book 241.28 515.382378 261.12 677.359968
Book 243.84 212.55503399999998 262.4 435.35397
Book 251.52 521.1447000000001 281.6 677.359968
Book 262.4 213.835776 267.52 442.396356
Book 270.08 217.677324 295.04 431.512422
Book 282.88 524.9855699999999 311.04 676.0792260000001
Book 297.6 220.23812999999998 321.28 434.07390599999997
Book 309.12 526.266312 322.56 677.359968
Book 323.84 220.23812999999998 347.52 437.914776
Book 326.4 526.266312 341.12 677.359968
Book 341.12 522.424764 359.04 677.359968
Book 347.52 217.677324 360.32 436.63471200000004
Book 355.2 212.55503399999998 386.56 437.914776
Book 361.6 542.91189 384.0 677.359968
Book 382.72 212.55503399999998 403.84 432.793164
Book 386.56 549.9549539999999 396.16 676.0792260000001
Book 398.72 216.396582 418.56 439.83555
Book 398.72 547.39347 423.68 677.359968
Book 416.0 542.91189 440.32 677.359968
Book 419.84 220.23812999999998 435.2 443.67709799999994
Book 431.36 542.91189 442.24 672.8783880000001
Book 433.92 222.798936 446.08 437.914776
Book 440.32 224.079 462.72 447.518646
Book 446.08 547.39347 451.2 677.359968
Book 453.76 557.637372 469.76 677.359968
Book 462.72 556.35663 485.12 677.359968
Book 466.56 220.23812999999998 483.84 436.63471200000004
Book 497.28 220.23812999999998 527.36 446.23790399999996
Book 507.52 501.297606 545.28 677.359968
Book 526.08 224.079 541.44 450.079452
Book 540.16 222.798936 560.0 427.671552
Book 540.16 506.419218 579.84 677.359968
Book 558.72 227.92054800000003 566.4 434.07390599999997
Book 566.4 221.518194 618.88 434.07390599999997
Book 573.44 500.016864 602.24 677.359968
Book 608.64 501.297606 618.88 677.359968
Book 613.76 217.677324 645.12 435.35397
Book 627.2 505.139154 632.32 677.359968
Book 645.12 512.821572 658.56 677.359968
Book 645.12 216.396582 687.36 432.793164
Book 662.4 522.424764 682.24 677.359968
Book 678.4 217.677324 701.44 432.793164
Book 696.32 511.54082999999997 711.04 677.359968
Book 702.72 212.55503399999998 730.88 432.793164
Book 712.32 527.547054 727.68 677.359968
Book 728.96 212.55503399999998 750.08 435.35397
Book 732.16 519.863958 755.2 677.359968
Book 748.8 233.68287 763.52 443.67709799999994
Book 753.92 523.705506 787.2 677.359968
Book 768.64 222.798936 785.92 444.95784
Book 783.36 518.583894 806.4 677.359968
Book 789.76 0.0 860.16 154.934526
Book 792.32 232.402128 823.68 446.23790399999996
Book 810.88 522.424764 828.8 677.359968
Book 810.88 2.560806 882.56 147.89213999999998
Book 822.4 226.64048400000001 855.04 428.951616
Book 831.36 528.827118 840.96 677.359968
Book 843.52 530.10786 857.6 677.359968
Book 847.36 0.0 912.64 145.331334
Book 848.64 231.12206400000002 878.72 443.67709799999994
Book 864.64 527.547054 889.6 677.359968
Book 871.04 236.243676 892.16 437.914776
Book 881.28 0.0 944.64 146.612076
Book 885.12 238.804482 907.52 432.793164
Book 889.6 531.387924 920.96 672.8783880000001
Book 893.44 0.0 942.08 151.093656
Book 911.36 0.0 945.92 141.489786
Book 912.64 237.524418 933.76 435.35397
Book 920.96 537.7902780000001 933.76 677.359968
Book 924.8 241.365288 951.04 439.83555
Book 937.6 527.547054 963.84 677.359968
Book 938.88 0.0 961.28 146.612076
Book 944.64 256.09077 972.16 434.07390599999997
Book 947.2 1.280742 976.0 146.612076
Book 965.12 0.0 991.36 153.654462
Book 968.32 527.547054 1000.96 677.359968
Book 976.0 257.370834 1023.36 435.35397
Book 982.4 0.0 1009.92 145.331334
Book 1007.36 528.827118 1023.36 677.359968
