Book 113.492992 577.135 322.56 671.0475
Book 0.0 443.95 186.88 554.9375
Book 0.0 75.13 197.972992 192.9475
Book 53.76 332.9625 186.88 429.43625000000003
Book 56.32 187.82500000000002 195.412992 303.935
Book 195.412992 426.02125 301.227008 537.00875
Book 195.412992 184.41000000000003 323.412992 297.105
Book 203.092992 70.0075 453.972992 181.84875
Book 203.947008 323.57125 327.68 422.60625
Book 262.827008 534.4475 418.987008 611.285
Book 458.24 291.9825 667.307008 391.0175
Book 459.947008 77.69125 667.307008 187.82500000000002
Book 475.307008 180.995 663.04 286.86
Book 677.547008 296.25125 849.92 375.65000000000003
Book 680.107008 196.36249999999998 857.6 275.76125
Book 684.372992 75.13 874.667008 184.41000000000003
Book 877.227008 101.59625 953.172992 175.8725
