Book 234.88 247.040256 382.08 300.159744
Book 245.76 300.159744 416.0 359.679744
Book 433.28 229.76025600000003 699.52 291.20025599999997
Book 442.88 300.159744 646.4 363.519744
Book 445.44 362.240256 508.8 425.60025599999994
Book 461.44 461.43974399999996 609.28 563.199744
Book 462.72 430.08000000000004 516.48 494.72025600000006
Book 529.92 417.920256 599.04 476.15999999999997
Book 529.92 360.96 611.84 410.24025599999993
Book 786.56 373.119744 831.36 436.479744
Book 786.56 213.12 952.96 296.319744
Book 790.4 288.0 945.28 362.240256
Book 790.4 375.680256 951.68 531.84
Book 800.0 424.32 942.72 605.439744
Book 812.8 342.399744 945.28 415.359744
