Book 141.44 89.05910200000001 262.4 213.35758900000002
Book 199.04 233.219229 267.52 365.846901
Book 221.44 388.27184 272.64 520.899512
Book 293.76 0.0 435.2 42.927916
Book 298.88 237.063836 440.32 386.990532
Book 302.72 384.42791600000004 447.36 542.043143
Book 304.0 51.897755 440.32 214.63889700000001
Book 313.6 542.043143 451.2 682.359346
Book 488.96 0.0 650.24 24.346901
Book 492.8 419.66730099999995 661.12 567.030698
Book 497.28 85.855832 656.0 205.669058
Book 497.28 256.926159 656.0 388.27184
Book 508.8 579.845144 664.96 682.359346
Book 688.64 41.646608 919.68 199.261835
Book 698.88 246.674329 837.12 388.27184
Book 708.48 602.270083 751.36 682.359346
