Book 337.92 368.64 401.92 420.48
Book 337.92 507.519744 408.32 590.079744
Book 339.84 431.36025600000005 403.2 507.519744
Book 403.2 367.359744 442.88 408.320256
Book 405.76 415.359744 451.84 482.559744
Book 407.04 473.60025599999994 451.84 540.800256
Book 413.44 535.6800000000001 454.4 595.2
Book 424.32 593.919744 453.12 662.4000000000001
Book 450.56 515.840256 476.8 565.760256
Book 450.56 563.199744 476.8 620.16
Book 654.08 513.2797439999999 727.04 554.2402559999999
Book 654.08 476.15999999999997 730.88 512.000256
Book 714.88 490.88025600000003 805.12 767.360256
Book 750.72 425.60025599999994 952.96 650.88
Book 890.88 344.96025599999996 1023.36 563.199744
