Book 0.0 203.646976 85.170206 278.57408
Book 0.0 756.313088 112.70595599999999 838.284288
Book 0.0 0.0 560.96887 121.035776
Book 131.917214 159.459328 336.83775399999996 238.22848
Book 131.917214 441.235456 336.83775399999996 586.606592
Book 142.80398 271.529984 343.88145000000003 420.102144
Book 147.92648200000002 593.650688 354.127818 778.7264
Book 165.217228 808.825856 331.71457 986.856448
Book 191.47218199999998 819.072 338.758948 861.338624
Book 198.51656 787.692544 343.88145000000003 804.982784
Book 198.51656 801.780736 347.08344000000005 820.993024
Book 341.96025599999996 432.270336 568.0132480000001 595.571712
Book 350.92582799999997 191.479808 560.96887 231.184384
Book 356.049012 268.327936 555.20597 418.822144
Book 357.970206 601.975808 573.136432 777.4464
Book 365.013902 784.490496 504.615892 840.205312
Book 365.013902 777.4464 568.0132480000001 1000.945664
