Book 0.0 658.56 148.62825 704.0
Book 0.0 712.32 173.613459 761.6
Book 0.0 553.6 181.94140800000002 597.12
Book 0.0 607.36 190.91085900000002 651.52
Book 0.0 441.6 219.09881099999998 497.28
Book 0.0 492.16 226.145799 551.68
Book 162.722226 709.12 353.633085 1023.36
Book 169.769214 638.72 392.07144900000003 969.6
Book 194.754423 583.04 229.349223 645.76
Book 210.13004099999998 595.2 259.458957 656.64
Book 231.271005 659.84 266.505945 702.08
Book 266.505945 626.56 331.21047899999996 728.32
Book 276.756357 435.84 308.14773299999996 497.28
Book 279.959781 504.32 303.022527 549.76
Book 360.680073 485.12 427.306389 537.6
Book 369.648843 428.8 418.337619 476.16
Book 385.665282 681.6 476.635986 805.12
Book 417.056658 542.72 481.761192 590.08
Book 427.306389 427.52 469.588998 480.0
Book 492.01160400000003 686.08 567.60669 716.16
Book 497.13612900000004 547.84 516.355311 593.28
Book 500.98037400000004 495.36 536.215314 537.6
Book 506.10558 444.8 541.34052 483.2
Book 532.3717499999999 553.6 567.60669 595.2
Book 542.622162 485.12 628.46766 537.6
Book 553.512714 609.28 613.092042 664.96
Book 558.63792 441.6 602.20149 485.12
Book 563.7631259999999 695.04 649.608624 817.28
Book 567.60669 551.68 602.20149 590.08
