Book 0.64 603.519744 224.0 710.4000000000001
Book 4.48 514.5600000000001 224.0 600.96
Book 243.84 476.799744 474.24 582.399744
Book 249.6 255.36 481.92 350.720256
Book 250.88 364.160256 478.08 455.04
Book 253.44 592.640256 478.08 712.959744
Book 253.44 154.880256 481.92 251.52
Book 323.2 15.999744 884.48 161.91974399999998
Book 483.84 597.7597440000001 489.6 701.439744
Book 487.68 471.03974400000004 716.16 574.08
Book 488.96 595.839744 713.6 704.000256
Book 492.8 370.56 703.36 465.920256
Book 494.08 272.64 720.0 357.759744
Book 497.92 161.91974399999998 725.76 248.960256
Book 729.6 595.839744 938.24 706.5600000000001
Book 730.88 485.76 946.56 588.800256
Book 739.84 377.600256 950.4 469.76025599999997
Book 739.84 176.000256 952.96 263.679744
Book 743.04 276.48 944.0 364.160256
