Book 78.72 505.599744 471.68 595.839744
Book 81.28 373.119744 185.6 462.08025599999996
Book 195.2 271.359744 240.0 324.48
Book 315.52 282.24 347.52 324.48
Book 334.08 293.76 364.16 330.879744
Book 362.88 492.159744 401.28 524.16
Book 367.36 319.359744 425.6 387.84000000000003
Book 663.68 295.040256 827.52 333.44025600000003
Book 666.24 494.72025600000006 810.24 552.96
Book 666.24 398.72025600000006 811.52 455.04
Book 667.52 343.040256 814.08 392.96025599999996
Book 668.8 246.399744 817.92 288.63974399999995
Book 676.48 431.36025600000005 810.24 503.04
Book 811.52 513.2797439999999 1023.36 616.959744
Book 815.36 463.359744 1023.36 551.679744
Book 819.2 410.24025599999993 1023.36 480.63974399999995
Book 836.48 357.759744 1023.36 418.56000000000006
Book 839.04 293.76 1023.36 350.720256
Book 840.32 230.39999999999998 1023.36 288.63974399999995
Book 855.68 355.20000000000005 900.48 405.75974400000007
Book 959.36 137.600256 1023.36 224.000256
