Book 0.0 26.233389 131.2 119.011347
Book 0.0 123.489639 155.52 198.991611
Book 0.0 207.949014 165.12 296.247861
Book 0.0 297.52713900000003 170.88 392.224014
Book 5.76 381.986514 172.16 483.72187499999995
Book 21.76 475.404111 124.16 575.219736
Book 151.04 63.984375 272.0 116.45197200000001
Book 160.64 123.489639 280.32 190.673028
Book 166.4 196.432236 291.84 273.853125
Book 176.64 273.853125 300.16 341.676972
Book 188.8 338.477139 308.48 419.097861
Book 289.28 116.45197200000001 390.4 183.635361
Book 304.64 179.79588900000002 384.64 248.25937499999998
Book 315.52 248.25937499999998 407.04 306.485361
Book 322.56 307.764639 407.04 373.66875
Book 392.96 123.489639 458.24 177.876153
Book 401.92 174.0375 466.56 229.06365300000002
Book 407.04 227.144736 480.64 286.65
Book 467.84 103.65509700000001 568.96 161.240625
Book 474.88 156.761514 579.2 223.305264
Book 587.52 144.605097 846.72 198.991611
Book 597.12 67.183389 641.28 116.45197200000001
Book 638.08 69.742764 681.6 119.011347
Book 688.64 60.144903 727.04 113.25213899999999
Book 762.24 54.386514000000005 810.24 107.49375
Book 811.52 40.310361 857.6 114.532236
Book 856.32 48.628125 912.64 109.41348599999999
Book 903.04 51.1875 947.84 111.97286100000001
Book 944.0 61.425 993.28 116.45197200000001
Book 987.52 58.225986000000006 1023.36 116.45197200000001
