Book 0.0 101.76 18.56 224.64
Book 0.0 424.32 32.0 571.520256
Book 0.0 707.840256 48.0 767.360256
Book 0.0 576.639744 54.4 735.36
Book 17.28 0.0 209.28 131.199744
Book 29.44 88.959744 202.24 245.76
Book 30.72 241.92000000000002 119.04 403.20000000000005
Book 38.4 380.79974400000003 203.52 536.960256
Book 49.28 477.440256 202.24 633.5999999999999
Book 53.76 528.639744 149.76 570.8797440000001
Book 54.4 571.520256 225.28 767.360256
Book 113.92 296.319744 198.4 378.24
Book 113.92 669.440256 219.52 767.360256
Book 205.44 60.800256000000005 297.6 174.72
Book 205.44 194.55974399999997 298.88 268.79999999999995
Book 211.84 343.040256 302.72 459.519744
Book 218.24 431.36025600000005 309.76 537.5999999999999
Book 220.8 583.6800000000001 305.92 730.239744
Book 300.16 337.92 349.44 419.840256
Book 300.16 399.99974399999996 349.44 474.24
Book 300.16 115.19999999999999 350.72 190.719744
Book 301.44 206.720256 352.0 270.080256
Book 308.48 456.96 345.6 517.760256
Book 349.44 220.160256 389.12 270.080256
Book 350.72 424.959744 390.4 508.160256
Book 352.0 329.600256 387.84 394.88025600000003
Book 352.0 139.520256 390.4 207.999744
Book 389.12 320.64 415.36 376.32
Book 392.96 362.88 419.2 414.72
Book 394.24 167.04 417.92 217.599744
Book 398.08 226.56 412.8 266.240256
