Book 0.0 22.424939000000002 222.72 233.219229
Book 0.0 0.0 190.08 96.747633
Book 7.68 238.345144 229.12 378.02069300000005
Book 243.84 0.0 515.2 85.855832
Book 267.52 217.201513 507.52 340.859346
Book 289.92 358.15837 446.08 468.361103
Book 566.4 90.34041 828.8 209.51298200000002
Book 578.56 0.0 780.16 57.023669999999996
Book 586.24 239.626452 794.88 356.877062
Book 683.52 392.116447 755.2 488.22342599999996
Book 890.88 520.899512 1023.36 618.287799
Book 937.6 220.405466 1023.36 362.002977
Book 938.88 89.05910200000001 1023.36 205.669058
Book 942.08 0.0 1023.36 51.897755
