Book 0.0 160.627712 209.149952 286.117888
Book 0.0 356.391936 209.149952 515.346432
Book 0.0 563.869696 224.208896 836.600832
Book 0.0 701.072384 294.483968 1022.326784
Book 209.149952 381.490176 1000.574976 495.26784
Book 212.496384 540.444672 1022.326784 652.54912
Book 225.882112 225.882112 1000.574976 314.56256
Book 227.555328 75.293696 1000.574976 155.608064
Book 234.248192 856.679424 287.791104 933.64736
Book 274.405376 686.01344 1022.326784 816.523264
Book 291.137536 833.2544 369.777664 947.033088
Book 463.476736 839.947264 1022.326784 973.80352
