Book 0.0 561.92 21.759744 651.52
Book 0.0 514.56 26.880000000000003 554.24
Book 0.0 348.16 49.92 387.84
Book 0.0 439.04 70.400256 469.76
Book 17.919744 584.96 83.199744 647.68
Book 28.160255999999997 486.4 120.320256 549.12
Book 69.12 570.88 125.439744 648.96
Book 75.519744 405.76 152.31974400000001 465.92
Book 76.80000000000001 340.48 126.72 376.32
Book 107.52000000000001 577.28 183.03974399999998 642.56
Book 144.639744 472.32 215.04000000000002 549.12
Book 151.040256 416.0 204.800256 469.76
Book 171.519744 328.96 285.44025600000003 371.2
Book 176.64000000000001 579.84 206.079744 647.68
Book 180.48 275.2 282.879744 335.36
Book 186.879744 212.48 267.519744 280.32
Book 253.44 583.68 316.160256 648.96
Book 275.199744 368.64 330.24 460.8
Book 277.760256 472.32 330.24 544.0
Book 389.120256 561.92 459.519744 660.48
Book 396.800256 490.24 446.72025600000006 547.84
Book 410.88 588.8 482.559744 657.92
Book 432.63974399999995 375.04 487.68 431.36
Book 437.76 508.16 490.23974400000003 544.0
Book 523.520256 271.36 568.3199999999999 320.0
Book 683.52 380.16 752.64 469.76
Book 696.320256 477.44 738.560256 592.64
