Book 0.0 0.0 222.08025600000002 42.88
Book 0.0 466.56 223.359744 547.2
Book 0.0 186.24 227.199744 279.04
Book 0.0 378.88 229.76025600000003 466.56
Book 0.0 286.08 231.039744 368.64
Book 0.0 120.32 241.28025599999998 199.04
Book 16.640256 566.4 221.43974400000002 636.16
Book 22.400256 58.88 225.920256 123.52
Book 25.599744 662.4 221.43974400000002 732.16
Book 30.72 830.08 212.480256 907.52
Book 32.64 924.8 209.28000000000003 998.4
Book 32.64 736.0 217.599744 821.76
Book 224.64 748.16 478.719744 819.84
Book 226.56 566.4 495.99974399999996 645.12
Book 229.76025600000003 664.32 485.76 732.16
Book 229.76025600000003 826.88 488.96025599999996 905.6
Book 231.680256 912.64 490.88025600000003 975.36
Book 235.52025600000002 380.8 495.99974399999996 461.44
Book 235.52025600000002 259.84 501.12 338.56
Book 238.71974400000002 469.76 492.159744 557.44
Book 238.71974400000002 0.0 497.91974400000004 83.2
Book 240.63974399999998 151.68 506.24025599999993 259.84
Book 250.88025599999997 67.84 457.599744 160.64
Book 481.91999999999996 970.24 536.319744 1023.36
Book 488.96025599999996 879.36 574.719744 1019.52
Book 494.079744 333.44 576.639744 459.52
Book 495.99974399999996 767.36 583.6800000000001 917.76
Book 499.20000000000005 571.52 569.600256 683.52
Book 501.12 226.56 579.84 357.76
Book 504.96 106.24 565.760256 246.4
Book 506.24025599999993 0.0 567.680256 123.52
Book 506.24025599999993 679.68 583.6800000000001 790.4
Book 513.2797439999999 0.0 524.16 13.44
Book 569.600256 987.52 632.319744 1022.72
Book 572.7997439999999 0.0 675.84 118.4
Book 576.639744 0.0 725.1202559999999 233.6
Book 576.639744 858.24 767.360256 1023.36
Book 577.92 161.92 753.2797439999999 347.52
Book 597.12 692.48 767.360256 912.64
Book 600.96 371.84 767.360256 535.04
Book 608.000256 561.28 767.360256 720.0
Book 748.160256 0.0 767.360256 58.88
Book 751.359744 80.0 767.360256 247.68
