Book 0.0 364.16 25.61328 392.32
Book 0.0 329.6 34.577928 355.84
Book 3.2019680000000004 397.44 32.65724 429.44
Book 17.289272 439.68 32.65724 465.92
Book 19.20996 476.16 41.621888 513.28
Book 25.61328 256.0 127.42637599999999 282.24
Book 29.455272 289.28 130.627728 317.44
Book 31.376576 355.84 130.627728 389.12
Book 32.65724 320.64 129.347064 353.92
Book 38.41992 385.28 130.627728 425.6
Book 41.621888 415.36 136.391024 458.88
Book 48.665232 442.88 139.592376 492.16
Book 89.006456 619.52 134.46972 707.2
Book 105.01444799999999 592.0 145.355672 677.76
Book 127.42637599999999 259.2 202.98555199999998 285.44
Book 132.549032 284.16 213.230864 317.44
Book 132.549032 318.72 216.432216 348.8
Book 134.46972 341.76 211.30955999999998 378.24
Book 135.750384 595.2 186.976944 684.16
Book 137.671688 376.96 199.14355999999998 410.24
Book 139.592376 432.64 208.10820800000002 476.16
Book 141.51368 406.4 204.266216 441.6
Book 162.004304 623.36 227.318168 722.56
