Book 10.24 191.409885 115.84 247.744485
Book 12.8 293.8365 111.36 338.64867000000004
Book 12.8 242.62357500000002 114.56 292.55665500000003
Book 21.76 339.928515 106.24 364.255515
Book 149.76 177.96654 241.92 234.94144500000002
Book 154.88 237.5019 244.48 281.03346
Book 156.16 284.874525 235.52 337.36806
Book 157.44 343.13004 205.44 365.53536
Book 335.36 192.69049500000003 391.04 234.94144500000002
Book 341.12 312.40152 384.0 349.53155999999996
Book 343.68 240.06311999999997 387.2 278.473005
Book 346.24 275.911785 389.76 308.560455
Book 347.52 354.65247 401.28 387.94144500000004
Book 350.08 396.90342 396.16 429.55208999999996
Book 464.64 241.34296500000002 480.64 263.74905
Book 465.92 206.13384 480.64 232.38099
Book 469.76 267.590115 484.48 295.11711
Book 469.76 333.526995 489.6 358.493535
Book 473.6 304.71939000000003 493.44 329.68593
Book 478.08 362.3346 506.88 390.50190000000003
Book 517.12 213.81597000000002 528.0 236.22205499999998
Book 533.12 209.974905 758.4 393.06312
Book 630.4 386.66083499999996 670.08 429.55208999999996
Book 633.6 256.06692000000004 673.92 308.560455
Book 636.16 319.443345 682.24 377.058555
Book 686.08 257.34753 729.6 306.0
Book 689.92 320.723955 734.72 367.456275
Book 744.96 319.443345 789.76 371.93688000000003
Book 749.44 375.777945 789.76 403.30570500000005
Book 755.84 249.025095 800.64 302.15893500000004
Book 807.04 250.94524500000003 849.28 299.59848
Book 808.32 313.68213000000003 858.24 366.81597
Book 823.04 374.49809999999997 876.8 426.991635
Book 871.68 378.339165 920.32 425.711025
Book 878.08 242.62357500000002 927.36 292.55665500000003
Book 938.88 242.62357500000002 992.64 295.11711
Book 940.16 390.50190000000003 976.0 425.711025
Book 946.56 308.560455 991.36 366.81597
Book 994.56 309.841065 1023.36 365.53536
Book 1004.8 378.339165 1023.36 405.86616000000004
Book 1007.36 253.506465 1022.08 295.11711
