Book 0.0 269.439744 22.4 297.6
Book 0.0 282.879744 43.52 333.44025600000003
Book 43.52 285.44025600000003 90.88 337.280256
Book 48.64 373.119744 99.84 439.040256
Book 48.64 445.43999999999994 124.16 515.840256
Book 49.92 272.64 77.44 298.880256
Book 73.6 277.760256 118.4 292.479744
Book 85.76 292.479744 124.16 333.44025600000003
Book 93.44 350.720256 138.24 432.63974399999995
Book 115.84 282.879744 139.52 325.119744
Book 122.88 648.320256 195.2 669.440256
Book 138.24 277.760256 156.8 309.12
Book 145.28 353.28000000000003 175.36 391.68
Book 162.56 295.040256 213.76 330.879744
Book 171.52 447.99974399999996 213.76 482.559744
Book 183.68 280.32 217.6 303.99974399999996
Book 195.2 289.280256 217.6 330.879744
Book 212.48 380.79974400000003 274.56 428.15999999999997
Book 215.04 471.03974400000004 278.4 519.680256
Book 217.6 424.32 266.88 476.15999999999997
Book 218.88 293.76 244.48 328.959744
Book 223.36 288.0 264.32 323.840256
Book 341.12 296.319744 360.96 321.279744
Book 344.96 332.15999999999997 360.96 354.560256
Book 357.76 358.400256 385.92 382.08
Book 366.08 318.71999999999997 380.8 346.239744
Book 385.92 325.119744 401.92 347.52
Book 385.92 350.720256 401.92 374.4
Book 408.32 318.71999999999997 423.04 341.120256
Book 424.32 291.20025599999997 442.88 312.320256
Book 424.32 341.120256 442.88 367.359744
Book 425.6 317.439744 441.6 336.0
Book 708.48 300.159744 736.64 320.00025600000004
Book 714.88 353.28000000000003 730.88 373.119744
Book 714.88 325.119744 734.72 346.239744
Book 721.92 378.24 725.76 408.320256
Book 750.72 373.119744 962.56 670.719744
Book 766.72 321.279744 776.32 355.839744
Book 778.88 327.680256 784.0 357.12
Book 797.44 333.44025600000003 807.68 375.680256
Book 822.4 346.239744 851.2 399.36
Book 827.52 360.96 876.8 430.08000000000004
Book 884.48 382.08 968.96 493.43999999999994
