Book 0.0 102.334205 104.32 161.17639
Book 0.0 33.258805 110.08 97.217255
Book 0.0 229.61268500000003 111.36 300.60677
Book 0.64 0.0 85.12 30.06054
Book 41.6 159.897495 116.48 218.09989000000002
Book 187.52 255.835855 282.88 317.236515
Book 210.56 325.551045 503.68 423.40809
Book 301.44 147.105805 402.56 200.83104
Book 301.44 53.725235 408.96 101.05530999999999
Book 305.28 101.05530999999999 407.68 153.50165
Book 305.28 202.109935 482.56 255.835855
Book 307.84 8.31453 414.08 47.329390000000004
Book 406.4 107.451155 492.8 148.3847
Book 408.96 148.3847 482.56 187.39955999999998
Book 412.8 55.004814999999994 504.96 103.61378500000001
Book 416.64 14.710375 513.92 60.760870000000004
Book 466.56 269.267335 552.96 351.77421499999997
Book 469.12 234.72894999999997 596.48 322.99257
Book 481.28 196.99367 597.76 283.33792
Book 486.4 149.663595 608.64 237.287425
Book 492.8 113.20721 613.76 177.166345
Book 495.36 69.71519 622.72 139.43038
Book 496.64 22.3858 637.44 82.50688
Book 689.92 24.944275 741.12 47.329390000000004
Book 691.2 63.319345000000006 995.2 475.85443000000004
Book 764.8 35.817280000000004 798.72 57.563289999999995
Book 802.56 43.492020000000004 843.52 64.59824
Book 846.08 56.28371 881.28 69.71519
