Book 0.0 16.642413 192.0 97.935435
Book 0.0 95.37546600000002 197.12 163.866402
Book 24.96 235.557486 63.36 290.606904
Book 26.88 160.665507 198.4 232.997517
Book 63.36 240.67891799999998 117.12 290.606904
Book 115.84 236.837844 172.16 301.488453
Book 167.04 234.277875 220.8 297.648126
Book 204.8 14.082444 398.08 88.974423
Book 215.68 92.81475 396.8 167.706729
Book 222.08 172.827414 266.88 239.39856
Book 227.2 242.598708 307.2 286.76583
Book 249.6 171.547803 308.48 186.90985799999999
Book 265.6 190.110753 303.36 240.67891799999998
Book 302.08 177.948846 320.64 242.598708
Book 323.2 184.34988900000002 337.28 236.837844
Book 327.04 175.38813 354.56 239.39856
Book 357.12 176.668488 378.24 242.598708
Book 358.4 245.159424 407.04 254.121183
Book 364.8 255.400794 392.32 281.645145
Book 383.36 179.228457 391.04 240.67891799999998
Book 391.04 180.508815 412.16 236.837844
Book 394.24 255.400794 414.72 271.403775
Book 764.16 290.606904 790.4 355.256766
Book 764.16 226.596474 798.08 289.326546
Book 774.4 160.665507 829.44 174.107772
Book 776.96 172.827414 810.88 221.475789
Book 778.24 87.694065 808.32 160.665507
Book 787.84 16.642413 808.32 79.372485
Book 803.2 229.15644300000002 833.28 263.082195
Book 810.88 97.935435 830.72 152.98485300000002
Book 815.36 19.203129 844.16 81.933201
Book 816.64 171.547803 840.32 226.596474
Book 832.0 158.105538 892.8 171.547803
Book 835.84 95.37546600000002 863.36 152.98485300000002
Book 837.12 227.876832 860.8 260.522226
Book 837.12 150.424137 897.92 224.03575800000002
Book 848.0 21.763845 866.56 85.133349
Book 863.36 92.81475 888.32 154.264464
Book 864.64 232.997517 881.92 270.123417
Book 866.56 20.483487 889.6 80.65284299999999
Book 879.36 284.20586099999997 894.08 329.013162
Book 884.48 229.15644300000002 901.76 282.925503
Book 895.36 91.53439200000001 917.12 150.424137
Book 895.36 32.645393999999996 924.16 87.694065
Book 895.36 155.54482199999998 939.52 225.316116
Book 903.04 227.876832 942.08 255.400794
Book 922.88 88.974423 952.96 146.58381
Book 925.44 33.925751999999996 952.96 81.933201
