Book 0.0 240.150528 93.49469799999999 385.52064
Book 0.0 369.511424 98.61788200000001 574.439424
Book 88.371514 302.90944 552.0039800000001 598.77376
Book 119.750334 947.151872 275.36159200000003 1023.36
Book 137.68079600000002 269.60896 243.982772 411.777024
Book 151.128472 507.83744 525.748344 724.932608
Book 163.936432 249.115648 272.159602 393.84576
Book 247.82515999999998 964.443136 399.594712 1023.36
Book 392.55033399999996 988.778496 528.950334 1023.36
Book 434.81523799999997 206.849024 539.836418 322.121728
Book 597.470192 222.859264 681.359602 425.86624
