Book 0.0 645.287936 16.112071 901.12
Book 0.0 0.0 72.50396 200.09984
Book 0.0 305.521664 77.87489000000001 553.967616
Book 7.384849000000001 627.82976 40.951364 897.091584
Book 16.112071 305.521664 81.231901 436.45952
Book 33.566514999999995 308.878336 102.042637 396.17024
Book 40.951364 643.273728 93.315415 879.632384
Book 65.11983 305.521664 109.427486 375.354368
Book 72.50396 0.0 149.708023 202.114048
Book 87.94520399999999 300.14976 128.225022 340.438016
Book 149.708023 0.0 212.141669 208.828416
Book 212.141669 0.0 279.275418 159.811584
Book 279.275418 0.671744 369.905368 122.88
Book 368.562995 0.0 539.7533000000001 61.775872
Book 508.200704 0.671744 551.837533 116.165632
Book 618.971282 0.0 699.5316369999999 228.301824
Book 623.670666 588.883968 718.328454 671.475712
Book 627.698504 655.36 649.8523319999999 713.106432
Book 631.054796 652.002304 688.7897770000001 856.802304
Book 665.964403 686.91968 718.328454 879.632384
Book 692.146788 0.0 718.328454 221.586432
Book 700.87401 784.954368 718.328454 867.546112
