Book 0.0 559.48638 97.92 656.788236
Book 0.0 665.7501 97.92 707.359968
Book 0.0 442.98002399999996 100.48 535.8009480000001
Book 0.0 332.235372 104.32 421.85542799999996
Book 0.0 211.88811600000002 108.16 299.587368
Book 0.0 123.54812399999999 113.92 201.005448
Book 0.0 0.0 122.88 92.180892
Book 111.36 571.0090799999999 375.04 694.5572040000001
Book 113.92 457.06356 381.44 553.084644
Book 119.04 94.741728 396.8 193.32364800000002
Book 121.6 343.117332 381.44 429.53722799999997
Book 121.6 206.766444 391.68 300.86814000000004
Book 145.28 0.0 406.4 79.37812799999999
Book 352.64 348.879036 366.08 432.738096
Book 381.44 609.417372 421.76 695.837268
Book 402.56 208.047216 496.64 303.428268
Book 403.84 96.02179199999999 727.68 186.92191200000002
Book 410.24 0.0 742.4 59.533595999999996
Book 574.08 215.72901599999997 722.56 305.989104
Book 645.12 630.542676 707.84 707.359968
Book 648.96 487.15002000000004 717.44 592.1336759999999
Book 671.36 354.640032 721.28 449.38176
Book 894.08 659.349072 1023.36 707.359968
Book 906.24 496.751916 1023.36 617.099172
Book 908.8 348.239004 1023.36 469.226292
Book 910.08 206.766444 1023.36 311.75010000000003
Book 912.64 55.692696 1023.36 181.80094799999998
Book 924.8 0.0 1023.36 29.446428
