Book 176.0 99.32157500000001 277.12 150.58492
Book 181.12 161.47779 222.08 208.25507000000002
Book 222.08 215.30372 274.56 264.003795
Book 225.92 164.04106 273.28 211.4595
Book 228.48 271.69292 274.56 292.83887
Book 275.84 158.91520500000001 304.64 205.692485
Book 275.84 80.09841999999999 387.2 145.45838
Book 279.68 214.02277 385.92 269.130335
Book 280.96 272.974555 389.76 328.08212
Book 333.44 153.147505 385.92 200.56594499999997
Book 337.28 413.30708 423.04 476.74493
Book 395.52 83.94264 512.0 136.48762000000002
Book 396.8 433.171395 536.96 508.143275
Book 398.08 200.56594499999997 535.68 271.69292
Book 399.36 334.490295 535.68 396.64651
Book 399.36 279.38273 536.96 334.490295
Book 405.76 150.58492 533.12 199.28431
Book 440.32 601.05736 538.88 684.359525
Book 488.32 470.336755 543.36 490.20106999999996
Book 604.16 284.50858500000004 698.24 335.77193
Book 606.72 353.072975 695.68 412.025445
Book 606.72 164.04106 700.8 201.84758
Book 606.72 214.02277 702.08 276.81946
Book 610.56 460.72483500000004 735.36 552.9984450000001
Book 769.28 313.344345 814.08 379.345465
Book 798.08 205.692485 844.16 254.391875
Book 812.16 297.96540999999996 849.28 385.752955
