Book 0.0 202.23974399999997 650.24 767.360256
Book 5.12 130.56 508.8 218.240256
Book 651.52 727.6800000000001 835.84 767.360256
Book 657.28 336.0 683.52 515.840256
Book 666.24 163.839744 803.84 303.99974399999996
Book 671.36 337.280256 707.2 513.2797439999999
Book 672.64 535.6800000000001 1023.36 767.360256
Book 683.52 360.96 801.28 520.959744
Book 787.84 350.720256 916.48 531.84
Book 789.12 126.72 833.92 309.12
Book 810.24 165.12 933.12 303.99974399999996
Book 901.76 375.680256 1023.36 531.84
Book 926.72 120.320256 1023.36 313.599744
