Book 0.0 519.605145 35.2 533.059497
Book 0.0 385.699113 120.32 514.479378
Book 8.32 410.045982 75.52 423.500334
Book 90.24 505.50981 166.4 529.215696
Book 119.04 569.5794510000001 222.72 594.566604
Book 141.44 417.0933 225.28 499.74306
Book 193.92 488.210958 256.64 520.886412
Book 227.84 584.31507 339.84 627.2420579999999
Book 242.56 365.837727 262.4 385.699113
Book 248.96 568.298184 325.12 590.722104
Book 251.52 501.025026 312.32 519.605145
Book 280.32 364.55646 300.16 388.262346
Book 342.4 563.172417 424.96 593.285337
Book 382.72 469.63083900000004 461.44 508.072344
Book 386.56 517.041912 468.48 535.62273
Book 494.72 345.335358 556.16 381.85531199999997
Book 648.96 385.699113 744.96 429.26638499999996
Book 778.88 299.205552 830.08 322.911438
Book 781.44 322.911438 827.52 356.868159
Book 802.56 424.14131699999996 843.52 463.223805
Book 860.16 385.699113 962.56 431.82961800000004
