Book 515.2 478.719744 529.92 567.039744
Book 704.64 309.12 746.88 342.399744
Book 705.92 347.52 746.88 371.840256
Book 705.92 446.72025600000006 752.0 478.719744
Book 708.48 414.08025599999996 752.0 442.88025600000003
Book 709.76 378.24 749.44 410.24025599999993
Book 711.04 480.0 746.88 510.72
Book 712.32 515.840256 753.28 552.96
Book 746.88 275.199744 988.8 350.720256
Book 752.0 363.519744 998.4 410.24025599999993
Book 754.56 565.760256 997.12 629.76
Book 757.76 231.680256 990.08 282.879744
Book 757.76 501.12 997.12 559.359744
Book 759.04 430.08000000000004 995.84 493.43999999999994
Book 759.04 632.319744 995.84 700.8
