Book 0.0 120.96 23.049528 189.44
Book 0.0 422.4 24.970128 513.28
Book 23.049528 420.48 92.838312 518.4
Book 31.372904 105.6 80.67296 184.32
Book 94.758912 122.88 133.174792 175.36
Book 107.56446399999999 422.4 173.511272 509.44
Book 142.13836799999999 7.68 185.676624 65.28
Book 201.683176 5.76 241.379456 70.4
Book 208.726152 332.8 254.185008 397.44
Book 248.42243200000001 3.84 300.924264 70.4
Book 315.010216 5.76 360.468296 68.48
Book 372.633648 8.96 412.97012800000005 68.48
Book 392.482176 222.72 439.22143200000005 292.48
Book 393.762576 322.56 430.898056 371.2
Book 437.940256 325.76 486.60088800000005 399.36
Book 441.14203200000003 5.76 479.557912 75.52
Book 455.227984 112.64 498.76546399999995 182.4
Book 458.428984 218.88 500.686064 285.44
Book 497.485064 7.68 533.9803440000001 70.4
Book 497.485064 315.52 544.22432 396.16
Book 512.851416 217.6 556.389672 289.28
Book 514.772016 108.8 549.986896 175.36
Book 549.986896 2.56 589.683176 72.32
Book 549.986896 108.8 598.646752 172.16
Book 555.1092719999999 313.6 591.603776 392.32
Book 598.646752 215.68 647.947584 243.84
Book 612.732704 113.92 660.11216 182.4
Book 684.442088 217.6 726.699944 250.88
