Book 0.0 0.0 214.678528 170.999924
Book 0.0 106.399696 216.579072 269.799848
Book 0.0 199.500152 216.579072 471.200304
Book 0.0 361.0 220.378112 720.099696
Book 0.0 252.7 227.97824 710.600342
Book 271.673344 119.699658 322.968576 201.399734
Book 393.26208 0.0 545.247232 75.999886
Book 425.558016 138.69980999999999 524.348416 237.499734
Book 433.158144 36.1 530.048 151.999772
Book 452.155392 490.199734 528.14848 600.400038
Book 457.854976 311.600038 524.348416 416.10015200000004
Book 463.55456 416.10015200000004 530.048 535.79981
Book 505.350144 583.30019 666.834944 720.099696
Book 509.150208 343.900152 581.343232 473.099886
Book 516.749312 237.499734 634.537984 378.099848
Book 518.649856 131.10003799999998 602.241024 252.7
Book 531.948544 0.0 645.937152 129.199734
Book 535.747584 461.700228 617.439232 619.40019
Book 575.643648 376.200266 640.237568 541.5
Book 590.841856 119.699658 739.027968 267.900266
Book 596.54144 524.4001519999999 668.734464 687.800304
Book 613.640192 265.999962 773.224448 425.600228
Book 625.03936 416.10015200000004 718.130176 581.3998859999999
Book 640.237568 0.0 773.224448 117.800076
Book 714.330112 442.70007599999997 790.3232 646.000114
Book 735.227904 646.000114 828.31872 720.099696
Book 740.927488 95.000038 1022.10048 332.499772
Book 761.82528 302.099962 1022.10048 615.6003039999999
Book 767.524864 0.0 1022.10048 74.100304
Book 771.324928 512.999772 957.50656 720.099696
Book 879.613952 585.1997719999999 1022.10048 720.099696
