Book 0.0 361.811912 36.502528 439.297342
Book 0.0 487.966226 45.468672 571.855636
Book 0.0 605.7953660000001 74.28608 681.359602
Book 5.123072 241.421862 78.129152 316.986098
Book 41.6256 365.65430000000003 119.114752 443.13973000000004
Book 57.63584 485.404634 129.360896 565.451656
Book 79.409152 604.5145699999999 155.61728 681.359602
Book 121.675776 240.141066 175.469568 316.986098
Book 140.248064 357.970206 188.27776 429.051656
Book 160.740352 464.272182 213.25312 552.0039800000001
Book 172.908544 241.421862 221.57824 306.73973
Book 178.031616 350.28543 225.421312 423.288074
Book 185.715712 565.451656 229.26336 658.3059559999999
Book 203.006976 454.026496 254.23872 523.1867520000001
Book 204.288 238.86027 260.642816 305.458934
Book 217.096192 344.521848 252.957696 401.51522400000005
Book 220.297216 550.7231840000001 261.92384 630.770206
Book 236.94848 434.17483999999996 281.776128 509.098678
Book 243.352576 336.83775399999996 290.741248 395.752324
Book 252.957696 527.02914 294.58432 603.233774
Book 268.327936 431.613248 293.303296 469.39536599999997
Book 758.234112 527.02914 840.845312 634.611912
Book 769.76128 386.786752 854.934528 480.28145
Book 776.165376 235.65828000000002 856.215552 325.31059
Book 854.934528 220.28941 945.870848 330.433774
Book 862.619648 373.979474 959.960064 498.21191200000004
Book 865.820672 548.161592 963.802112 659.586752
Book 932.422656 230.535096 1023.36 326.591386
Book 981.093376 582.101322 1023.36 681.359602
Book 988.778496 405.35761199999996 1023.36 514.221862
