Book 0.0 637.198336 144.090112 752.470016
Book 0.0 808.825856 170.346496 974.68928
Book 479.660032 623.10912 675.621888 749.267968
Book 479.660032 768.480256 699.957248 941.3888
Book 486.704128 294.58432 682.667008 411.777024
Book 488.625152 411.137024 507.83744 564.192256
Book 514.881536 455.324672 682.667008 577.641472
Book 707.002368 309.953536 885.673984 445.078528
Book 708.923392 804.982784 744.144896 924.097536
Book 710.844416 639.11936 899.762176 754.39104
Book 714.046464 448.280576 875.426816 588.527616
Book 764.638208 787.692544 882.471936 908.087296
