Book 0.0 69.196779 26.88 245.393021
Book 0.0 474.127672 45.44 673.3895070000001
Book 790.4 520.258858 992.0 682.359346
Book 795.52 291.524207 834.56 496.552611
Book 796.8 13.4551 835.84 226.17135199999998
Book 823.04 244.11171299999998 908.16 486.301464
Book 832.0 8.969839 914.56 232.57857500000003
Book 834.56 410.056125 1023.36 451.702733
Book 837.12 445.29551000000004 1023.36 508.085066
Book 841.6 378.02069300000005 1023.36 425.43318700000003
Book 844.16 331.248853 1023.36 395.31971699999997
Book 864.64 24.987555 897.92 227.45334300000002
Book 889.6 22.424939000000002 934.4 226.17135199999998
Book 929.28 0.0 985.6 228.734651
Book 976.64 0.0 1023.36 112.765349
Book 979.2 112.765349 1023.36 156.333919
Book 980.48 190.291996 1023.36 233.86056599999998
Book 984.32 151.208004 1023.36 191.573304
