Book 1.487872 198.0853 206.88384 314.2552
Book 84.837376 144.46810000000002 165.209088 314.2552
Book 93.76768 46.1699 197.953536 211.4896
Book 119.069696 327.6595 223.255552 458.7233
Book 145.860608 390.2129 498.605056 616.5957000000001
Book 166.697984 250.21290000000002 461.394944 360.4258
Book 197.953536 111.70179999999999 433.11616 437.87239999999997
Book 436.092928 314.2552 599.814144 479.5742
Book 509.023232 98.2982 634.046464 372.3405
Book 571.53536 363.4043 1012.092928 698.5104
Book 634.046464 10.425799999999999 901.953536 397.6595
