Book 58.24 506.030576 234.88 589.941744
Book 60.8 386.249008 208.64 444.53803200000004
Book 62.08 231.87769600000001 233.6 298.494368
Book 62.08 303.618496 236.8 378.562064
Book 65.92 108.251904 232.32 183.196224
Book 74.88 434.93048 231.04 491.298144
Book 366.08 648.872224 505.6 683.461968
Book 412.16 634.780496 475.52 659.761184
Book 472.96 139.63888 605.44 173.58792
Book 475.52 172.306512 614.4 201.13142399999998
Book 481.92 197.287952 613.12 247.25008000000003
Book 481.92 240.845296 614.4 301.05643200000003
Book 481.92 308.742624 618.24 370.875872
Book 483.2 378.562064 570.88 419.557344
Book 520.96 483.61195200000003 606.72 550.868576
Book 522.24 424.681472 598.4 470.80088
Book 640.64 292.08883199999997 686.72 347.17584
Book 784.64 670.010192 913.28 726.377856
Book 800.64 617.485248 952.96 666.1667199999999
