Book 19.2 186.96804 256.64 260.60251999999997
Book 45.44 528.24848 275.2 649.26536
Book 117.76 0.0 316.16 131.90232
Book 215.04 165.19783999999999 403.84 202.97524
Book 216.32 186.96804 419.84 222.82511999999997
Book 218.88 464.21832 401.28 575.63088
Book 307.84 138.94508000000002 508.8 188.24848000000003
Book 309.12 419.39748000000003 496.0 512.88116
Book 403.84 379.05852 582.4 464.21832
Book 406.4 100.52712 573.44 163.27684
Book 416.0 587.7967600000001 645.12 679.35944
Book 487.68 72.99459999999999 671.36 140.2262
Book 491.52 341.921 656.0 419.39748000000003
Book 599.68 393.14471999999995 922.24 598.0416399999999
Book 607.36 293.25816 734.72 357.9282
Book 608.64 61.4686 746.24 106.93
Book 671.36 41.6194 807.68 87.72136
Book 680.96 270.20684 803.84 322.71168
Book 739.84 26.89264 862.08 74.27504
Book 764.8 243.95476 857.6 297.74004
Book 781.44 222.82511999999997 902.4 274.04884
Book 796.16 19.209319999999998 912.64 61.4686
Book 835.84 208.09768000000003 940.8 250.35763999999998
Book 844.8 14.086879999999999 958.72 41.6194
Book 849.92 283.01328 1023.36 406.59104
Book 876.16 149.18996 1015.04 230.50843999999998
