Book 608.64 285.116984 663.68 326.763592
Book 612.48 223.60873600000002 632.32 269.099268
Book 620.8 337.655393 664.96 387.631186
Book 620.8 437.60697899999997 664.96 470.283065
Book 623.36 388.912494 662.4 438.888287
Book 631.68 227.45334300000002 641.28 271.02191300000004
Book 642.56 231.29726699999998 672.0 274.225183
Book 678.4 336.37408500000004 720.0 381.223963
Book 678.4 431.84041 729.6 476.690288
Book 678.4 233.86056599999998 734.72 278.710444
Book 679.68 375.45807699999995 729.6 429.27779400000003
Book 679.68 285.116984 732.16 326.763592
Book 848.64 391.475793 885.76 455.546657
Book 849.92 335.092777 885.76 392.757101
Book 852.48 266.536652 880.64 328.685554
Book 852.48 449.139434 896.0 520.258858
Book 855.68 217.842167 898.56 269.099268
Book 899.84 440.16959499999996 924.8 490.145388
Book 901.12 332.530161 926.08 385.06857
Book 901.12 382.505271 935.68 438.888287
Book 902.4 277.428453 929.92 328.685554
Book 903.68 236.42318200000003 936.96 274.225183
Book 938.24 376.73938499999997 967.04 424.151879
Book 939.52 333.811469 960.64 378.02069300000005
Book 940.8 286.398975 963.2 325.482284
Book 942.08 238.985798 967.04 279.99175199999996
