Book 254.08 130.70571 384.0 190.93265000000002
Book 256.64 78.167301 387.84 135.830942
Book 267.52 180.68082 367.36 234.50122
Book 277.76 326.763592 352.64 369.691508
Book 280.32 226.812689 367.36 283.195022
Book 286.08 274.225183 361.6 335.733431
Book 565.12 104.43616399999999 624.0 146.72342600000002
Book 566.4 137.11225000000002 620.16 192.854612
Book 566.4 55.74236200000001 631.04 103.154856
Book 579.84 188.36935100000002 624.0 224.24939
Book 603.52 267.177306 628.48 293.44685200000004
Book 603.52 229.375305 632.32 267.177306
Book 631.04 183.244119 680.96 220.405466
Book 633.6 226.812689 676.48 253.081552
Book 634.88 141.597511 656.0 172.992289
Book 634.88 58.304978 671.36 90.34041
Book 636.16 99.310249 698.88 131.987018
Book 840.96 110.84338699999999 920.96 163.381796
Book 849.92 78.167301 974.72 129.423719
Book 912.64 164.663104 970.88 205.669058
Book 942.08 130.70571 965.12 166.585066
Book 956.16 288.320937 1022.08 340.859346
Book 965.12 208.231674 1002.24 254.36285999999998
Book 965.12 140.316203 1023.36 178.11820400000002
Book 970.88 101.87354800000001 1023.36 135.830942
Book 972.16 176.836896 1011.2 215.920205
Book 981.12 259.48877500000003 1023.36 303.057345
