Book 0.0 528.3007699999999 72.96 612.7263350000001
Book 65.28 545.56962 115.2 603.13291
Book 113.92 438.11846499999996 176.64 502.07759999999996
Book 115.2 541.73225 167.68 615.28481
Book 174.08 548.128095 216.32 606.97028
Book 176.64 440.67694 226.56 500.79801999999995
Book 213.76 541.73225 270.08 608.249175
Book 216.32 482.89006500000005 259.2 528.3007699999999
Book 226.56 443.23541500000005 264.32 477.13332499999996
Book 263.04 541.73225 306.56 603.13291
Book 330.24 184.841085 385.28 243.044165
Book 334.08 426.60567 949.76 672.8481
Book 339.2 325.551045 360.32 356.89048
Book 340.48 258.39433 366.72 299.327875
Book 366.72 263.510595 389.12 301.88635
Book 366.72 319.794305 389.12 355.611585
Book 398.72 317.236515 423.68 356.89048
Book 421.76 267.347965 456.32 317.236515
Book 462.72 276.942075 486.4 308.282195
Book 617.6 159.897495 780.16 456.666895
