Book 0.0 250.311168 308.622336 347.022144
Book 0.0 142.222464 325.689344 237.511296
Book 0.0 354.13344 327.110656 484.9776
Book 0.0 452.26656 327.110656 574.577856
Book 325.689344 170.666496 563.2 223.288704
Book 328.532992 238.93344 574.577664 298.66694399999994
Book 524.8 277.333056 641.422336 516.266496
Book 530.489344 503.466624 635.732992 548.977536
Book 600.177664 415.289088 749.510656 475.02201599999995
Book 605.867008 463.644288 752.355328 496.35532800000004
Book 615.822336 486.399744 739.555328 547.555392
Book 735.289344 321.4224 991.289344 517.6886400000001
Book 841.955328 174.93350399999997 957.155328 214.75584
