Backpack 3.2 524.16 56.32 624.639744
Backpack 40.32 493.43999999999994 89.6 563.840256
Backpack 118.4 492.159744 151.68 557.439744
Backpack 119.68 516.48 174.08 598.400256
Backpack 175.36 499.20000000000005 231.04 563.199744
Backpack 243.84 496.640256 290.56 557.439744
Backpack 293.12 480.63974399999995 320.64 547.839744
Backpack 319.36 476.799744 350.08 509.43974399999996
Backpack 323.2 501.75974400000007 371.2 556.160256
Backpack 402.56 514.5600000000001 446.72 579.84
Backpack 443.52 509.43974399999996 466.56 552.96
Backpack 462.08 531.84 496.64 576.0
Backpack 499.2 513.2797439999999 522.88 562.5600000000001
Backpack 517.76 524.16 545.92 560.000256
Backpack 538.88 525.440256 560.0 567.680256
Backpack 562.56 536.319744 584.32 571.520256
Backpack 577.28 521.600256 592.0 561.2797439999999
