Backpack 135.04 667.52 404.48 1018.88
Backpack 215.68 550.4 416.64 714.88
Backpack 225.92 445.44 399.36 567.68
Backpack 238.08 382.72 395.52 490.88
Backpack 266.24 309.12 397.44 403.2
Backpack 266.24 177.92 433.92 357.76
Backpack 301.44 113.28 453.12 209.28
Backpack 404.48 526.08 596.48 793.6
Backpack 407.68 640.0 616.32 1017.6
Backpack 416.64 284.16 645.76 622.08
Backpack 425.6 205.44 638.72 361.6
Backpack 446.08 163.84 622.72 245.76
Backpack 453.12 107.52 590.08 167.04
Backpack 460.16 80.0 586.24 151.68
Backpack 471.04 139.52 598.4 200.32
Backpack 631.68 83.2 731.52 121.6
Backpack 633.6 192.0 780.16 266.88
Backpack 633.6 212.48 801.28 300.16
Backpack 635.52 146.56 784.0 195.2
Backpack 636.8 118.4 745.6 152.96
Backpack 645.76 264.96 826.24 501.12
Backpack 652.8 170.88 784.0 251.52
Backpack 657.92 100.48 734.72 144.64
