Backpack 728.96 321.80647400000004 814.72 445.922972
Backpack 24.32 335.88159 117.76 442.08467599999994
Backpack 41.6 246.313166 130.56 346.11841
Backpack 100.48 330.124146 190.08 453.600246
Backpack 154.24 259.748566 240.0 330.124146
Backpack 179.2 328.84403199999997 271.36 454.879678
Backpack 235.52 326.285168 304.0 448.481836
Backpack 286.72 330.124146 373.76 457.439224
Backpack 357.76 321.16675799999996 419.2 364.671538
Backpack 366.72 330.124146 453.76 456.159792
Backpack 412.8 277.66197800000003 506.24 348.67727399999995
Backpack 510.08 310.93062 551.68 355.07511600000004
Backpack 517.76 325.005736 587.52 364.671538
Backpack 533.76 337.161022 621.44 373.62824400000005
Backpack 617.6 343.55886399999997 673.92 392.182054
Backpack 640.0 344.838978 727.68 447.202404
Backpack 793.6 330.124146 857.6 443.364108
Backpack 821.12 337.161022 924.8 453.600246
Backpack 864.0 305.17249400000003 951.04 372.34881199999995
Backpack 896.0 333.322726 963.84 448.481836
Backpack 948.48 334.60215800000003 1023.36 454.879678
