Bowl 71.68 92.799744 214.4 184.32
Bowl 104.32 33.279744 165.76 66.560256
Bowl 188.16 165.759744 264.96 217.599744
Bowl 193.28 67.839744 255.36 107.52000000000001
Bowl 294.4 247.040256 480.64 384.0
Bowl 369.28 57.599999999999994 428.8 101.12025600000001
Bowl 546.56 369.279744 648.32 439.040256
Bowl 649.6 188.16 732.8 242.55974399999997
Bowl 732.8 322.56 837.12 391.68
Bowl 792.32 460.79999999999995 1023.36 657.920256
Bowl 871.68 181.760256 1023.36 289.92
Bowl 901.12 396.800256 1004.16 473.60025599999994
Bowl 994.56 424.959744 1023.36 537.5999999999999
