Bowl 160.0 593.764556 341.76 670.627426
Bowl 0.0 536.757956 48.64 628.9934000000001
Bowl 0.0 484.235052 52.48 541.882376
Bowl 0.0 627.712638 62.72 685.359276
Bowl 0.0 352.927792 69.12 415.69953599999997
Bowl 0.0 418.90178399999996 97.92 504.091322
Bowl 41.6 582.875678 172.8 671.908188
Bowl 46.72 360.614422 174.08 431.712148
Bowl 52.48 519.463896 186.24 594.4052800000001
Bowl 66.56 677.032608 141.44 685.359276
Bowl 81.28 445.163236 229.12 519.463896
Bowl 163.84 358.052212 321.28 431.712148
Bowl 192.64 515.6209240000001 335.36 591.84307
Bowl 236.16 430.431386 385.28 507.93498
Bowl 272.64 673.1896360000001 343.68 685.359276
Bowl 328.96 338.836666 458.88 414.418088
Bowl 339.84 559.176436 461.44 648.208946
Bowl 359.04 491.92168200000003 471.04 566.863066
Bowl 360.32 620.666732 471.04 684.0785139999999
Bowl 393.6 401.607724 503.68 484.235052
Bowl 444.8 336.91518 506.24 402.889172
Bowl 466.56 552.771254 488.96 577.751944
