Bowl 239.616 462.859078 583.68 645.135172
Bowl 0.0 161.795634 190.464 329.735406
Bowl 0.0 460.811032 272.384 665.615632
Bowl 0.0 319.495176 352.256 495.627814
Bowl 155.648 182.27609399999997 432.128 354.31264
Bowl 227.328 61.44138 462.848 184.32414
Bowl 337.92 335.879544 651.264 497.67586
Bowl 411.648 188.42023200000003 696.32 358.40873200000004
Bowl 458.752 69.63356399999999 688.128 194.56437
Bowl 567.296 430.090342 976.896 679.951954
Bowl 651.264 339.975636 976.896 473.099308
Bowl 698.368 186.372186 991.232 360.45677800000004
Bowl 700.416 65.537472 960.512 196.612416
