Bowl 0.0 69.72720000000001 45.44 132.41776
Bowl 0.0 211.74044 128.64 319.20968
Bowl 0.0 455.46536000000003 286.08 679.36012
Bowl 0.64 134.33672 89.6 207.26264
Bowl 0.64 315.37176 192.0 454.18628
Bowl 67.2 62.05068 325.76 145.85116000000002
Bowl 98.56 118.98367999999999 400.64 198.30636
Bowl 151.04 200.8652 472.96 329.44504
Bowl 211.84 295.54091999999997 590.72 472.73735999999997
Bowl 307.2 421.56192000000004 753.28 667.84568
Bowl 343.04 48.61728 590.72 150.96884
Bowl 403.2 113.2268 685.44 225.81372000000002
Bowl 492.16 181.03504 805.76 326.88620000000003
Bowl 592.0 279.54868 961.92 458.02419999999995
Bowl 597.12 40.94076 835.84 145.85116000000002
Bowl 680.96 98.51364 963.2 216.85811999999999
Bowl 740.48 395.33364 1023.36 624.34608
Bowl 805.76 169.51991999999998 1023.36 314.092
Bowl 946.56 249.48247999999998 1023.36 392.77548
