Bowl 0.0 340.444104 99.84 520.905278
Bowl 0.0 114.548406 147.84 277.091308
Bowl 0.0 0.0 172.8 74.871904
Bowl 0.0 461.39167399999997 262.4 702.006828
Bowl 58.24 223.976868 304.64 395.47890600000005
Bowl 98.56 24.957046 312.32 172.78202399999998
Bowl 161.92 620.095384 467.2 765.3603899999999
Bowl 216.32 346.844034 469.76 543.303118
Bowl 242.56 113.26842 478.72 271.331754
Bowl 264.96 0.0 461.44 88.310608
Bowl 391.68 478.670336 672.64 703.2868139999999
Bowl 398.08 231.01564199999999 638.72 399.31809799999996
Bowl 406.4 14.078313999999999 622.72 151.66417
Bowl 411.52 105.58927 616.32 180.461174
Bowl 480.0 259.81264600000003 588.16 361.561958
Bowl 558.08 0.0 759.68 73.592684
Bowl 569.6 136.94548 789.12 270.051768
Bowl 580.48 351.963212 848.0 542.0231319999999
Bowl 610.56 610.4958720000001 915.84 765.3603899999999
Bowl 712.32 39.675736 923.52 177.901202
Bowl 737.28 231.01564199999999 980.48 378.200244
Bowl 800.64 469.71119999999996 1023.36 682.16896
Bowl 823.04 0.0 1023.36 85.751402
Bowl 885.12 168.942066 1022.72 275.811322
Bowl 893.44 109.42846200000001 1023.36 253.413482
Bowl 947.2 324.446194 1023.36 477.39035
Bowl 1011.84 62.073575999999996 1023.36 110.70844799999999
