Bowl 331.52 102.399744 529.28 234.87974400000002
Bowl 0.0 320.00025600000004 87.68 448.640256
Bowl 62.08 314.88 297.6 525.440256
Bowl 183.68 158.720256 366.72 316.160256
Bowl 260.48 282.879744 406.4 384.63974399999995
Bowl 302.72 406.400256 471.04 545.28
Bowl 408.96 267.519744 547.84 368.00025600000004
Bowl 433.92 503.04 622.08 672.639744
Bowl 468.48 364.79999999999995 631.04 493.43999999999994
Bowl 531.84 171.519744 657.28 247.68
Bowl 549.12 273.920256 693.12 375.680256
Bowl 608.64 373.119744 860.16 612.48
Bowl 670.72 177.920256 793.6 259.839744
Bowl 801.92 251.52 943.36 351.99974399999996
