Bowl 0.0 261.410737 362.24 482.456857
Bowl 0.0 0.0 52.48 101.87354800000001
Bowl 0.0 506.163104 179.84 682.359346
Bowl 0.0 99.310249 216.32 300.494046
Bowl 16.64 0.0 241.28 123.017179
Bowl 171.52 414.541386 597.76 682.359346
Bowl 225.28 0.0 367.36 62.789556
Bowl 348.8 0.0 560.0 67.915471
Bowl 391.04 221.68677399999999 705.92 469.64241100000004
Bowl 576.0 0.0 792.32 133.268326
Bowl 634.88 106.99878 907.52 288.320937
Bowl 774.4 0.0 897.92 51.257101
Bowl 775.04 288.320937 1023.36 569.5939970000001
Bowl 876.16 0.0 1023.36 142.878819
Bowl 949.76 109.562079 1023.36 288.320937
Bowl 957.44 636.22816 1023.36 682.359346
