Bowl 0.0 551.679744 67.2 641.28
Bowl 0.0 488.319744 181.12 566.4000000000001
Bowl 93.44 439.68 225.92 485.76
Bowl 256.64 474.879744 384.0 565.119744
Bowl 289.28 385.280256 581.76 485.120256
Bowl 478.72 366.71999999999997 564.48 381.44025600000003
Bowl 478.72 377.600256 565.76 390.39974400000006
Bowl 533.12 503.04 657.28 563.840256
Bowl 561.92 441.59999999999997 620.16 457.599744
Bowl 572.8 435.200256 622.72 442.88025600000003
Bowl 576.64 425.60025599999994 621.44 432.0
Bowl 577.92 350.720256 604.16 366.71999999999997
Bowl 577.92 419.199744 620.16 425.60025599999994
Bowl 581.76 398.72025600000006 633.6 418.56000000000006
Bowl 653.44 380.15999999999997 691.84 396.159744
