Bowl 661.12 514.9531139999999 729.6 582.8444440000001
Bowl 666.24 526.481318 789.76 596.294994
Bowl 726.4 542.493528 846.08 573.8779000000001
Bowl 737.92 561.068132 912.0 593.733334
Bowl 784.64 525.200488 894.72 566.192186
Bowl 869.76 516.2339440000001 893.44 523.9196579999999
Bowl 871.68 471.39975599999997 1023.36 514.9531139999999
Bowl 894.72 518.795604 1023.36 550.179976
Bowl 897.28 547.617582 1023.36 562.989744
Bowl 898.56 500.221734 1023.36 535.448596
Bowl 898.56 581.563614 1023.36 630.241026
Bowl 901.12 560.42735 1023.36 584.126008
