Bowl 148.48 442.601026 282.24 559.8171600000001
Bowl 0.0 271.581912 6.4 292.718944
Bowl 0.0 334.35297 28.8 404.169934
Bowl 0.0 6.405182 85.12 66.614716
Bowl 0.0 66.614716 90.24 136.43168
Bowl 0.0 595.046004 99.84 685.359276
Bowl 0.0 187.673136 120.96 272.86267399999997
Bowl 12.8 111.45099 126.08 190.235346
Bowl 39.04 334.35297 167.68 425.306966
Bowl 43.52 247.88267000000002 173.44 339.47739
Bowl 64.0 0.0 158.72 30.104423999999998
Bowl 126.08 35.228843999999995 229.76 103.12432199999999
Bowl 151.04 651.41188 304.64 685.359276
Bowl 154.88 154.365778 270.08 235.712344
Bowl 176.0 0.0 270.08 46.758446
Bowl 220.16 361.89518400000003 353.92 445.80396
Bowl 225.92 260.693034 347.52 354.20924
Bowl 227.2 81.34656600000001 337.28 166.536104
Bowl 280.96 516.261648 438.4 636.039306
Bowl 311.04 0.0 414.72 50.601417999999995
Bowl 312.32 120.418382 418.56 205.60791999999998
Bowl 348.8 409.294354 487.04 515.6209240000001
Bowl 362.24 174.22204800000003 481.28 267.738254
Bowl 405.12 279.267856 533.76 372.784062
Bowl 423.68 103.12432199999999 527.36 175.503496
Bowl 447.36 577.751944 855.04 685.359276
Bowl 462.08 0.0 563.84 45.476998
Bowl 480.0 178.065706 598.4 263.255244
Bowl 490.88 48.039208 599.68 111.45099
Bowl 667.52 384.313664 1023.36 625.791152
Bowl 679.68 99.28134999999999 1023.36 300.405574
Bowl 818.56 0.0 1023.36 142.836862
