Bowl 323.584 401.408256 739.328 624.639744
Bowl 0.0 190.464 24.576 233.47199999999998
Bowl 0.0 20.480256 36.864 75.776256
Bowl 0.0 323.583744 53.248 434.175744
Bowl 0.0 77.823744 180.224 202.752
Bowl 0.0 215.04000000000002 276.48 364.544256
Bowl 0.0 417.79200000000003 350.208 577.5360000000001
Bowl 34.816 0.0 114.688 55.29599999999999
Bowl 61.44 0.0 309.248 102.399744
Bowl 145.408 116.73599999999999 430.08 249.855744
Bowl 235.52 288.76800000000003 583.68 440.319744
Bowl 264.192 47.103744 520.192 151.551744
Bowl 305.152 0.0 417.792 43.008
Bowl 401.408 184.32 694.272 319.488
Bowl 468.992 0.0 708.608 75.776256
Bowl 489.472 77.823744 782.336 188.415744
Bowl 659.456 204.800256 999.424 356.35200000000003
Bowl 690.176 22.527744000000002 919.552 110.59199999999998
Bowl 690.176 327.680256 1021.952 503.808
Bowl 804.864 514.047744 1021.952 755.712
Bowl 933.888 126.975744 1021.952 231.423744
Bowl 944.128 90.111744 1021.952 122.88
