Bowl 613.12 339.20025599999997 821.76 540.159744
Bowl 0.0 271.359744 104.96 456.96
Bowl 0.0 471.03974400000004 181.76 725.76
Bowl 19.2 334.08 244.48 510.72
Bowl 106.24 235.52025600000002 289.28 384.0
Bowl 167.68 410.88 405.76 636.159744
Bowl 248.32 290.55974399999997 459.52 459.519744
Bowl 284.16 199.68 462.08 307.20000000000005
Bowl 400.64 368.64 627.2 586.239744
Bowl 427.52 162.56025599999998 588.8 266.240256
Bowl 445.44 249.60000000000002 629.76 376.32
Bowl 586.24 151.040256 744.96 264.96
Bowl 605.44 222.71999999999997 784.64 346.880256
Bowl 757.76 208.640256 933.12 335.36025600000005
Bowl 787.2 290.55974399999997 984.32 477.440256
