Bowl 0.0 404.423754 32.64 421.061144
Bowl 0.0 309.71662399999997 46.72 348.11148399999996
Bowl 0.0 339.79250199999996 48.64 403.143734
Bowl 0.0 190.69313200000002 55.04 202.21159
Bowl 0.0 133.74142600000002 72.96 195.81263800000002
Bowl 0.0 161.897274 85.12 243.165916
Bowl 0.0 529.206188 103.68 573.35999
Bowl 0.0 203.49161 108.8 310.996644
Bowl 0.0 408.26324 128.64 539.4446260000001
Bowl 0.0 0.0 1023.36 144.61987399999998
Bowl 32.64 346.831464 106.24 408.26324
Bowl 37.76 268.122862 171.52 359.629942
Bowl 61.44 300.75820600000003 147.84 335.953016
Bowl 71.04 140.78038800000002 193.92 225.888516
Bowl 72.32 140.78038800000002 209.92 225.888516
Bowl 81.28 158.057788 192.64 197.092658
Bowl 90.24 167.01678 167.68 194.532618
Bowl 99.84 289.87975800000004 358.4 486.33240600000005
Bowl 106.24 228.447982 197.76 271.962348
Bowl 117.76 406.34321 369.92 573.35999
Bowl 126.08 127.342474 209.92 152.298846
Bowl 140.16 558.0020460000001 261.12 573.35999
Bowl 146.56 378.187362 322.56 425.54064
Bowl 158.72 334.67357 300.16 429.38012599999996
Bowl 160.0 238.686994 270.08 309.71662399999997
Bowl 166.4 303.317672 281.6 380.746828
Bowl 182.4 303.317672 256.64 326.994598
Bowl 197.12 170.856266 364.8 232.287468
Bowl 222.08 129.26193 347.52 198.372104
Bowl 234.88 76.789146 325.76 121.582958
Bowl 240.0 113.263976 327.04 144.61987399999998
Bowl 252.16 74.22967999999999 309.76 99.186052
Bowl 257.28 50.552754 307.2 75.5097
Bowl 266.24 231.008022 361.6 296.91871999999995
Bowl 296.32 282.840796 417.28 364.109438
Bowl 302.72 506.809282 426.24 573.35999
Bowl 314.88 518.32774 417.28 573.35999
Bowl 322.56 110.0645 403.2 146.53933
Bowl 330.88 136.300892 397.44 170.216256
Bowl 334.72 357.709912 464.64 442.81804
Bowl 337.28 154.218302 400.0 209.251126
Bowl 338.56 364.109438 456.32 435.139642
Bowl 339.84 110.0645 388.48 133.74142600000002
Bowl 350.72 222.04903 410.88 247.005402
Bowl 351.36 233.567488 476.16 312.276664
Bowl 360.32 446.01809000000003 465.28 527.286732
Bowl 367.36 444.73807 460.16 508.089302
Bowl 368.64 253.40492799999998 464.0 293.079234
Bowl 392.32 110.0645 452.48 145.259884
Bowl 393.6 141.420398 449.92 171.496276
Bowl 393.6 183.65417 508.16 242.52648
Bowl 397.44 167.01678 473.6 194.532618
Bowl 405.76 521.527216 606.72 573.35999
Bowl 414.72 298.838176 540.8 397.384792
Bowl 447.36 126.70246399999999 519.68 174.05574199999998
Bowl 452.48 141.420398 513.28 152.93885600000002
Bowl 462.72 209.89056200000002 602.24 313.55611
Bowl 472.32 152.93885600000002 583.68 216.929524
Bowl 504.96 248.285422 567.68 277.08128
Bowl 505.6 403.143734 616.96 457.53597399999995
Bowl 522.24 288.599738 637.44 367.308914
Bowl 523.52 133.74142600000002 613.12 179.17524799999998
Bowl 530.56 456.256528 668.16 572.7199800000001
Bowl 531.2 138.860932 600.96 162.53728399999997
Bowl 557.44 197.73266800000002 658.56 251.484898
Bowl 584.96 223.96905999999998 629.76 238.04698399999998
Bowl 596.48 249.565442 695.04 320.595072
Bowl 602.24 255.964394 683.52 302.03765200000004
Bowl 603.52 131.821396 662.4 158.057788
Bowl 614.4 152.93885600000002 699.52 204.13162
Bowl 615.68 339.79250199999996 688.64 396.10477199999997
Bowl 621.44 381.386838 743.68 473.533928
Bowl 623.36 161.25726400000002 689.92 183.65417
Bowl 647.04 310.996644 741.12 360.90996199999995
Bowl 648.96 408.90325 723.84 458.815994
Bowl 654.72 305.877138 738.56 354.51043599999997
Bowl 664.96 148.45935999999998 730.88 189.41368599999998
Bowl 667.52 218.209544 763.52 270.682328
Bowl 683.52 203.49161 723.2 216.929524
Bowl 688.64 360.269952 737.28 406.34321
Bowl 695.04 266.842842 733.44 305.237702
Bowl 708.48 163.17729400000002 793.6 219.489564
Bowl 713.6 133.101416 776.96 164.457314
Bowl 717.44 174.695752 779.52 195.81263800000002
Bowl 724.48 140.78038800000002 766.08 158.057788
Bowl 724.48 533.685684 879.36 573.35999
Bowl 725.12 268.122862 851.2 349.391504
Bowl 729.6 206.051076 778.24 225.888516
Bowl 736.0 411.462716 803.84 469.054432
Bowl 741.12 372.427846 797.44 419.78169799999995
Bowl 762.24 446.01809000000003 853.76 523.447246
Bowl 764.8 229.087992 863.36 291.79921399999995
Bowl 778.24 136.940902 876.16 188.133666
Bowl 782.08 197.092658 869.76 250.844888
Bowl 783.36 305.237702 961.28 447.297536
Bowl 788.48 179.814684 822.4 198.372104
Bowl 793.6 202.21159 858.24 235.486944
Bowl 796.16 156.778342 852.48 172.136286
Bowl 801.92 213.090038 854.4 232.287468
Bowl 813.44 332.75354 944.64 406.34321
Bowl 818.56 423.621184 903.68 495.290824
Bowl 821.76 353.870426 926.72 402.50372400000003
Bowl 827.52 428.100106 899.84 472.893918
Bowl 853.76 272.601784 917.12 316.755586
Bowl 869.76 177.89522799999997 912.0 195.172628
Bowl 869.76 214.370058 948.48 254.68437400000002
Bowl 872.32 236.766964 954.88 274.521814
Bowl 883.2 151.658836 979.84 213.730048
Bowl 895.36 472.25390799999997 977.92 567.601048
Bowl 896.0 271.962348 939.52 293.079234
Bowl 901.76 427.46067 1023.36 571.440534
Bowl 902.4 132.461406 986.88 177.89522799999997
Bowl 919.04 458.815994 1023.36 546.4835879999999
Bowl 919.68 290.519768 977.28 319.315626
Bowl 920.96 111.34452 985.6 151.658836
Bowl 928.64 215.650078 992.0 244.44593600000002
Bowl 929.92 57.591716000000005 1013.12 99.186052
Bowl 929.92 334.03356 1022.08 397.384792
Bowl 933.12 204.13162 982.4 223.96905999999998
Bowl 935.68 87.66759400000001 999.68 121.582958
Bowl 940.8 264.283376 1020.8 312.91667400000006
Bowl 948.48 260.44389 1023.36 310.35663400000004
Bowl 952.96 393.545306 1023.36 431.300156
Bowl 953.6 8.958992 1023.36 42.873782
Bowl 954.88 240.60645000000002 992.0 258.52386
Bowl 957.44 30.075878 1023.36 70.39019400000001
Bowl 961.28 371.1484 995.84 392.265286
Bowl 965.76 408.90325 1023.36 433.859622
Bowl 967.04 311.63665399999996 1023.36 340.432512
Bowl 978.56 222.04903 1020.8 247.005402
Bowl 983.68 331.47352 1022.08 367.948924
Bowl 985.6 0.0 1022.08 14.077924
Bowl 989.44 184.29418 1023.36 223.32905
Bowl 990.72 150.378816 1022.08 183.65417
Bowl 993.28 189.41368599999998 1023.36 209.251126
