Bowl 86.4 511.36 267.519744 652.8
Bowl 0.0 89.6 2.5597440000000002 108.8
Bowl 0.0 82.56 19.839744 106.88
Bowl 0.0 492.8 37.119744 611.84
Bowl 3.84 73.6 40.959744 97.92
Bowl 24.96 68.48 56.319744 90.88
Bowl 33.920255999999995 95.36 79.35974399999999 123.52
Bowl 40.959744 61.44 75.519744 82.56
Bowl 65.28 59.52 86.4 76.8
Bowl 74.240256 50.56 105.60000000000001 71.68
Bowl 81.279744 78.72 121.599744 92.8
Bowl 95.36025599999999 49.28 115.839744 66.56
Bowl 103.68 43.52 128.000256 62.72
Bowl 119.679744 41.6 136.959744 56.96
Bowl 122.88 36.48 147.84 53.76
Bowl 122.88 64.64 156.15974400000002 78.72
Bowl 136.959744 32.64 158.079744 53.76
Bowl 140.799744 56.32 175.359744 66.56
Bowl 151.040256 30.72 168.320256 44.8
Bowl 163.2 27.52 177.279744 42.88
Bowl 167.04 47.36 198.399744 57.6
Bowl 182.39999999999998 327.68 302.720256 415.36
Bowl 189.440256 38.4 215.679744 49.28
Bowl 212.480256 33.28 236.79974400000003 40.32
Bowl 238.07999999999998 243.84 332.79974400000003 304.64
Bowl 268.160256 187.52 343.68 227.2
Bowl 280.32 147.84 344.96025599999996 179.84
Bowl 315.519744 121.6 369.920256 144.64
Bowl 320.64 99.2 369.920256 123.52
Bowl 329.600256 81.28 371.199744 98.56
Bowl 344.96025599999996 69.12 378.24 82.56
Bowl 348.800256 48.0 376.959744 58.24
Bowl 348.800256 58.24 382.08 67.2
Bowl 355.839744 40.96 384.0 49.28
Bowl 359.04 35.84 384.0 42.88
Bowl 428.799744 34.56 467.199744 69.76
Bowl 437.76 74.88 462.08025599999996 80.0
Bowl 437.76 67.84 471.03974400000004 76.8
Bowl 437.76 101.12 479.36025600000005 108.16
Bowl 439.040256 80.0 474.24 88.96
Bowl 440.96025599999996 90.88 481.280256 101.12
Bowl 440.96025599999996 110.08 486.39974400000006 120.32
Bowl 440.96025599999996 120.32 491.52 136.32
Bowl 444.800256 138.24 500.480256 150.4
Bowl 444.800256 150.4 502.400256 181.76
Bowl 451.839744 183.04 523.520256 220.16
Bowl 455.04 168.96 517.760256 183.04
Bowl 455.04 214.4 535.6800000000001 244.48
Bowl 458.24025599999993 242.56 545.919744 289.92
Bowl 465.27974399999994 280.96 563.199744 333.44
Bowl 476.15999999999997 323.2 588.159744 396.8
Bowl 484.479744 385.92 615.680256 466.56
Bowl 490.23974400000003 450.56 641.919744 576.64
Bowl 516.48 581.12 717.440256 750.72
Bowl 528.639744 736.64 767.360256 965.76
