Bowl 0.0 422.87057100000004 80.0 682.359346
Bowl 0.0 207.59102 147.84 404.930893
Bowl 31.36 433.76237199999997 226.56 660.575061
Bowl 68.48 21.784285 165.12 106.99878
Bowl 103.68 198.62118099999998 256.64 369.050854
Bowl 149.12 545.88775 549.76 682.359346
Bowl 212.48 407.493509 363.52 601.629429
Bowl 258.56 0.0 377.6 129.423719
Bowl 262.4 202.465105 381.44 352.39180100000004
Bowl 293.76 328.685554 758.4 551.653636
Bowl 311.04 207.59102 444.8 357.517716
Bowl 370.56 0.0 480.64 132.627672
Bowl 400.0 206.309712 478.72 338.937384
Bowl 436.48 214.63889700000001 535.04 341.5
Bowl 478.08 0.0 561.92 141.597511
Bowl 502.4 208.231674 592.0 327.404246
Bowl 507.52 470.923719 747.52 647.119961
Bowl 554.88 37.161347 615.04 54.460371
Bowl 558.72 53.179063 609.92 69.83743299999999
Bowl 558.72 54.460371 638.72 150.56735
Bowl 581.12 211.434944 652.16 319.075061
Bowl 588.8 419.66730099999995 1023.36 682.359346
Bowl 611.2 64.712201 657.28 94.82567099999999
Bowl 634.88 82.011225 692.48 151.848658
Bowl 652.16 192.854612 737.28 309.464568
Bowl 657.28 74.322694 691.2 98.02894099999999
Bowl 691.2 92.26237200000001 726.4 158.255881
Bowl 693.76 65.993509 751.36 94.82567099999999
Bowl 712.32 96.10697900000001 753.92 121.09453400000001
Bowl 717.44 348.54787699999997 1023.36 547.169058
Bowl 718.72 121.09453400000001 752.64 160.81918
Bowl 728.96 224.24939 1023.36 300.494046
Bowl 732.16 0.0 760.96 12.173791999999999
Bowl 750.72 64.071547 1023.36 187.08804300000003
Bowl 757.12 284.47633 1023.36 424.79253300000005
Bowl 762.24 0.0 794.88 23.706246999999998
Bowl 771.2 472.20571 1023.36 682.359346
Bowl 792.32 0.0 822.4 34.598731
Bowl 814.72 0.0 842.24 17.299024
Bowl 821.12 13.4551 837.12 43.56857
Bowl 837.12 0.0 864.64 49.975793
Bowl 853.76 7.047877 882.56 58.304978
Bowl 869.76 0.0 981.12 93.544363
Bowl 958.72 46.13118600000001 1023.36 112.124695
