Apple 0.0 591.378282 11.52 615.725183
Apple 0.0 532.43265 19.2 569.5939970000001
Apple 0.64 482.456857 42.24 518.336896
Apple 0.64 517.0555880000001 46.08 558.701513
Apple 2.56 565.108736 17.28 595.222206
Apple 18.56 465.79848699999997 59.52 493.348658
Apple 20.48 584.9710590000001 157.44 647.760615
Apple 38.4 506.163104 76.16 541.4024890000001
Apple 39.68 485.01947299999995 69.76 497.193265
Apple 44.8 460.03191799999996 60.8 469.64241100000004
Apple 46.08 461.313226 64.0 487.582772
Apple 48.64 559.9828210000001 77.44 581.1264520000001
Apple 59.52 454.906003 97.28 487.582772
Apple 62.72 551.653636 96.64 565.108736
Apple 71.68 603.5513910000001 119.04 644.5573449999999
Apple 72.96 563.827428 116.48 591.378282
Apple 94.08 552.934944 131.2 586.252367
Apple 101.12 474.127672 117.76 497.83391900000004
Apple 116.48 506.80375799999996 136.32 527.9473889999999
Apple 126.08 480.534895 152.32 499.115227
Apple 135.04 463.87584200000003 153.6 488.86407999999994
Apple 135.04 491.42669600000005 162.56 522.821474
Apple 144.0 529.8693509999999 255.36 611.239922
Apple 145.92 466.43914099999995 163.84 488.86407999999994
Apple 192.64 617.006491 233.6 657.371791
Apple 202.88 605.474036 237.44 627.898975
Apple 218.88 625.9763300000001 261.12 665.700976
Apple 237.44 609.958614 276.48 641.353392
Apple 259.84 616.3658369999999 306.56 658.0124450000001
Apple 280.32 588.1743290000001 318.72 620.851098
Apple 296.32 576.00122 327.68 594.581552
Apple 320.0 584.9710590000001 353.92 619.569107
Apple 326.4 574.7192289999999 344.96 583.689751
Apple 329.6 568.953343 347.52 583.689751
Apple 347.52 574.7192289999999 376.32 611.239922
Apple 418.56 545.246413 517.76 599.066813
Apple 472.32 507.44441199999994 497.28 540.121181
Apple 477.44 490.145388 508.8 516.414934
Apple 486.4 524.103465 511.36 543.965105
Apple 498.56 508.726403 532.48 522.821474
Apple 502.4 506.80375799999996 529.92 538.839873
Apple 508.8 574.078575 547.2 602.910737
Apple 528.64 561.264812 560.0 593.940898
Apple 587.52 513.2109810000001 676.48 548.450366
Apple 608.64 581.767106 642.56 611.880576
Apple 650.24 594.581552 688.64 627.258321
Apple 659.84 586.893021 682.24 595.86286
Apple 688.64 595.86286 721.28 625.9763300000001
Apple 688.64 509.367057 722.56 538.198536
Apple 688.64 581.1264520000001 723.84 606.11469
Apple 691.2 520.899512 727.68 554.857589
Apple 725.12 511.929673 757.12 548.450366
Apple 744.96 523.462128 780.16 556.1388969999999
Apple 803.84 554.857589 840.96 589.455637
Apple 803.84 538.198536 844.8 569.5939970000001
Apple 838.4 560.624158 878.72 590.737628
Apple 844.8 538.198536 877.44 560.624158
Apple 867.2 548.450366 899.84 586.893021
Apple 933.76 570.875305 954.88 588.1743290000001
Apple 935.68 533.073304 1023.36 611.880576
Apple 948.48 579.845144 984.96 614.443875
Apple 953.6 661.215715 991.36 682.359346
Apple 960.0 563.186774 993.28 579.845144
Apple 981.12 542.043143 1007.36 567.030698
Apple 981.12 578.5638359999999 1009.92 611.239922
Apple 995.84 656.0898 1023.36 682.359346
Apple 997.12 569.5939970000001 1023.36 602.270083
Apple 998.4 545.88775 1019.52 572.156613
Apple 998.4 535.63592 1023.36 548.450366
Apple 1011.2 611.239922 1023.36 641.994729
Apple 1015.04 624.695022 1023.36 656.0898
Apple 1017.6 551.012982 1023.36 573.437921
