Apple 349.44 440.16959499999996 410.88 458.109956
Apple 354.56 484.37881899999996 518.4 646.479307
Apple 383.36 408.774817 506.88 425.43318700000003
Apple 394.88 597.785505 444.16 642.635383
Apple 425.6 466.43914099999995 613.12 599.066813
Apple 426.88 430.559102 569.6 465.157833
Apple 506.88 591.378282 698.24 682.359346
Apple 526.72 456.828648 784.64 615.725183
Apple 693.12 592.65959 838.4 656.730454
Apple 782.08 663.1376769999999 840.32 682.359346
Apple 815.36 646.479307 879.36 679.155393
Apple 842.88 675.311469 881.92 682.359346
Apple 879.36 658.0124450000001 939.52 682.359346
