Apple 0.0 267.843224 8.800256 288.630584
Apple 0.0 319.013002 23.199744 339.001058
Apple 0.799744 134.32126399999999 28.000256 160.705798
Apple 4.800512 633.2288159999999 67.999744 681.200696
Apple 76.000256 346.99682600000006 201.6 466.925844
Apple 80.799744 522.893492 211.2 643.622496
Apple 179.999744 442.1406 304.0 571.664676
Apple 179.999744 318.213016 320.0 446.138484
Apple 206.399488 555.673822 248.800256 616.438658
Apple 228.800512 184.69173800000002 352.799744 282.234788
Apple 342.4 219.07135799999998 453.600256 334.20387
Apple 519.199744 187.09033200000002 611.999744 294.227758
Apple 549.600256 492.511074 654.400512 651.6175820000001
Apple 593.599488 271.840426 635.200512 306.220728
Apple 606.400512 191.088216 713.6 300.623554
Apple 651.200512 366.984882 683.200512 403.763096
Apple 685.599744 192.686824 754.400256 279.836194
Apple 704.0 103.139542 813.599744 219.07135799999998
Apple 740.799488 586.05624 768.799744 613.2400779999999
Apple 750.400512 614.839368 763.200512 633.2288159999999
Apple 752.0 538.0843600000001 766.400512 547.678736
Apple 752.0 458.13145399999996 767.200256 481.317408
Apple 764.8 665.209842 801.599488 681.200696
Apple 770.400256 580.459748 783.200256 613.2400779999999
Apple 771.2 511.699826 793.6 535.6857660000001
Apple 784.799744 282.234788 876.8 342.998942
Apple 804.799488 95.14445599999999 925.599744 216.672764
Apple 835.999744 588.454834 867.999744 609.2428759999999
Apple 850.400256 424.551138 882.400256 458.930758
Apple 872.800256 641.2239020000001 904.800256 678.002116
Apple 931.2 143.91564 1023.200256 263.84534
