Apple 25.09824 448.418816 242.614272 711.110656
Apple 26.771456 266.039296 230.90176 478.53568
Apple 28.444672 866.71872 50.19648 933.64736
Apple 31.791104 699.399168 102.065152 888.470528
Apple 63.582208 855.006208 399.895552 997.228544
Apple 160.627712 25.09824 684.340224 533.751808
Apple 235.921408 548.810752 271.058944 637.490176
Apple 276.078592 642.509824 599.006208 970.457088
Apple 393.202688 957.072384 508.653568 993.882112
Apple 517.019648 925.28128 744.574976 997.228544
Apple 545.46432 316.235776 993.882112 970.457088
Apple 553.8304 16.73216 675.974144 60.235776
Apple 647.529472 45.176832 702.7456 112.104448
Apple 674.300928 23.425024 926.954496 140.54912
Apple 926.954496 25.09824 992.208896 76.966912
