Apple 330.303581 189.599744 438.27153799999996 304.0
Apple 52.784289 557.599744 144.75775199999998 642.400256
Apple 63.181598 819.999744 95.17195199999999 856.800256
Apple 67.180563 480.0 155.154378 556.000256
Apple 83.17574 818.400256 133.56065 856.800256
Apple 95.17195199999999 629.600256 364.69331400000004 803.999744
Apple 142.358373 532.799488 221.535148 636.8
Apple 247.92763399999998 487.199744 338.30082799999997 582.4
Apple 311.908342 448.799744 404.681598 550.4
Apple 311.908342 54.4 682.200207 469.600256
Apple 439.871124 483.999744 475.06065 515.2
Apple 457.46588699999995 476.8 487.85733799999997 494.399488
Apple 607.022397 487.199744 682.200207 559.200256
