Apple 0.0 201.824451 244.48 623.413714
Apple 5.76 79.44860899999999 38.4 104.43616399999999
Apple 50.56 39.083309 65.92 56.383016
Apple 56.96 15.377061999999999 93.44 41.646608
Apple 152.96 44.209224 290.56 199.261835
Apple 263.04 500.396535 299.52 533.7139579999999
Apple 264.32 0.0 416.64 83.933187
Apple 293.12 351.11049299999996 307.2 371.61346999999995
Apple 305.92 332.530161 316.8 348.54787699999997
Apple 338.56 435.685017 370.56 461.95387999999997
Apple 364.8 608.677306 384.64 629.8209370000001
Apple 375.68 634.946852 408.32 658.653099
Apple 382.08 540.761835 401.92 564.468082
Apple 400.64 534.354612 425.6 556.1388969999999
Apple 407.04 587.533675 426.88 606.755344
Apple 421.76 429.918448 440.32 446.576818
Apple 450.56 0.0 476.8 25.628209000000002
Apple 567.04 46.77184 584.32 58.945632
Apple 583.04 30.11347 600.32 48.053148
Apple 600.32 31.394778 622.08 48.053148
