Apple 824.32 252.800256 997.12 424.32
Apple 0.0 0.0 309.76 526.08
Apple 214.4 529.280256 329.6 649.599744
Apple 242.56 401.91974400000004 357.76 524.7997439999999
Apple 277.12 564.48 344.32 700.8
Apple 312.32 388.479744 390.4 507.519744
Apple 325.76 165.12 443.52 303.99974399999996
Apple 341.76 503.679744 360.32 524.7997439999999
Apple 366.72 281.600256 397.44 318.71999999999997
Apple 368.0 477.440256 669.44 767.360256
Apple 370.56 261.759744 499.2 375.680256
Apple 410.24 72.96000000000001 524.16 197.12025599999998
Apple 469.76 156.15974400000002 582.4 239.36025600000002
Apple 493.44 264.320256 533.12 309.12
Apple 501.76 115.19999999999999 836.48 494.72025600000006
Apple 785.92 415.359744 944.64 576.639744
Apple 888.96 166.400256 1023.36 298.880256
Apple 918.4 545.919744 1011.2 608.64
Apple 934.4 433.91999999999996 1023.36 597.7597440000001
Apple 1005.44 318.71999999999997 1023.36 430.08000000000004
