Apple 96.0 648.999936 145.999872 683.000064
Apple 108.99968 622.0001279999999 152.999936 666.0003839999999
Apple 396.000256 481.99987200000004 419.999744 508.99968
Apple 408.000512 136.99967999999998 435.00032 164.000256
Apple 455.000064 476.00025600000004 490.999808 503.00006399999995
Apple 455.999488 74.999808 485.999616 110.999808
Apple 485.000192 121.999872 517.999616 157.99987199999998
Apple 522.000384 267.99974399999996 554.999808 300.0
Apple 588.000256 154.00012800000002 620.99968 195.999744
Apple 625.000448 129.000192 657.999872 156.999936
Apple 629.999616 565.9998720000001 675.999744 600.999936
Apple 659.999744 167.000064 691.999744 200.000256
Apple 688.0 206.99980800000003 700.000256 228.0
Apple 691.00032 567.999744 732.99968 600.999936
Apple 702.999552 239.00006399999998 737.000448 274.000128
Apple 743.000064 570.0003839999999 784.0 610.0001279999999
Apple 778.000384 424.99968 810.999808 452.00025600000004
Apple 851.00032 406.00012799999996 869.999616 430.00012799999996
Apple 860.000256 590.999808 885.000192 609.000192
Apple 869.999616 408.0 890.000384 430.00012799999996
Apple 913.000448 3.9997439999999997 935.999488 27.999744
Apple 913.999872 363.99974399999996 938.999808 386.999808
Apple 922.000384 68.000256 947.00032 85.999872
Apple 929.000448 242.99980800000003 947.00032 258.000384
Apple 940.99968 207.999744 963.00032 238.00012800000002
