Apple 628.052992 492.53071400000005 777.387008 626.546921
Apple 462.507008 34.997469 592.212992 157.917227
Apple 576.852992 355.099849 704.852992 484.84813
Apple 747.52 443.875406 876.372992 564.233774
Apple 756.907008 628.25425 881.492992 758.002531
Apple 807.252992 291.93343400000003 932.692992 408.877144
Apple 823.467008 99.017945 953.172992 218.523045
Apple 849.92 554.843861 973.652992 680.324216
Apple 879.787008 713.614356 1000.96 792.146732
Apple 899.412992 397.78069500000004 1020.587008 514.724405
