Apple 200.66304 367.305562 391.671808 570.598145
Apple 0.0 239.816356 23.445504 357.65746900000005
Apple 0.0 524.427046 111.020032 711.1808080000001
Apple 0.0 367.305562 141.360128 534.074372
Apple 17.928192 223.96706799999998 173.080576 372.129225
Apple 173.080576 193.645257 770.930688 708.42421
Apple 804.02944 186.753762 978.489344 353.52257199999997
Apple 823.33696 334.227153 1011.588096 525.805345
Apple 837.128192 509.95529 1023.310848 706.3563780000001
Apple 979.867648 183.997164 1023.310848 341.807414
