Box 303.36 191.360256 508.8 332.15999999999997
Box 57.6 596.480256 289.28 709.119744
Box 63.36 689.28 247.04 757.760256
Box 64.64 34.56 343.68 187.520256
Box 93.44 181.119744 331.52 320.00025600000004
Box 106.88 280.32 312.96 416.64
Box 109.44 483.84000000000003 363.52 637.4399999999999
Box 129.28 414.08025599999996 294.4 515.840256
Box 243.2 653.439744 1003.52 767.360256
Box 300.16 288.0 590.72 417.920256
Box 316.8 23.679744 440.32 146.559744
Box 320.0 373.119744 593.28 526.08
Box 393.6 135.03974399999998 646.4 241.92000000000002
Box 397.44 512.000256 569.6 613.760256
Box 397.44 550.400256 583.04 690.560256
Box 440.32 27.519743999999996 630.4 136.32
Box 510.08 231.680256 627.84 341.120256
Box 565.76 482.559744 627.84 552.96
Box 581.76 560.64 609.28 629.76
Box 588.16 325.119744 620.16 408.320256
Box 593.28 408.320256 625.28 492.159744
Box 594.56 510.72 963.84 678.399744
Box 601.6 642.560256 945.28 715.520256
Box 626.56 208.640256 780.16 311.04
Box 630.4 309.12 756.48 400.640256
Box 641.28 398.079744 771.84 439.040256
Box 641.28 95.36025599999999 830.08 208.640256
Box 642.56 441.59999999999997 734.72 574.08
Box 730.88 436.479744 962.56 593.919744
Box 754.56 248.319744 956.16 396.800256
Box 757.76 374.4 961.28 499.839744
Box 797.44 135.03974399999998 916.48 243.20025599999997
