Box 0.0 174.72 34.56 280.32
Box 0.0 256.640256 54.4 374.4
Box 0.0 245.76 531.84 753.920256
Box 30.72 243.20025599999997 193.28 312.320256
Box 42.24 257.919744 199.68 342.399744
Box 46.72 303.99974399999996 205.44 362.240256
Box 54.4 354.560256 92.8 389.120256
Box 284.8 172.160256 499.84 307.20000000000005
Box 298.88 309.759744 332.16 341.120256
Box 545.28 311.04 677.12 414.08025599999996
Box 567.68 362.240256 731.52 566.4000000000001
Box 579.2 508.160256 807.04 728.960256
Box 712.96 271.359744 830.72 371.840256
Box 718.08 308.480256 858.24 420.48
Box 727.68 348.159744 856.96 575.360256
Box 800.64 162.56025599999998 1023.36 555.519744
Box 879.36 327.680256 1023.36 449.91974400000004
Box 896.64 534.399744 1023.36 741.7597440000001
