Box 0.0 470.57099999999997 50.382848 589.0649999999999
Box 2.72384 583.617 46.298112 618.3480000000001
Box 197.446656 532.542 255.31904 584.979
Box 214.467584 531.1800000000001 292.084736 576.126
Box 214.467584 463.08000000000004 293.446656 529.818
Box 275.744768 0.0 509.95712 661.251
Box 509.95712 514.155 517.446656 606.09
Box 509.95712 471.933 535.829504 537.309
Box 532.425728 516.198 655.660032 605.409
Box 607.31904 605.409 734.63808 680.319
Box 616.170496 434.478 774.127616 569.316
Box 731.915264 446.055 981.787648 602.6850000000001
