Box 102.364108 602.88 212.40549000000001 695.04
Box 159.944004 556.8 209.845944 606.72
Box 199.60980600000002 622.08 284.05982 710.4
Box 207.28708 551.68 276.382546 610.56
Box 218.803332 593.92 301.973914 664.32
Box 235.43731200000002 698.88 437.605982 864.0
Box 301.973914 596.48 351.875854 660.48
Box 337.80142 601.6 377.46722200000005 669.44
Box 371.06937999999997 591.36 432.487572 624.64
Box 373.62824400000005 582.4 409.45574999999997 596.48
Box 380.026086 620.8 432.487572 646.4
Box 383.865064 646.4 428.649276 669.44
Box 427.369844 624.64 493.906446 665.6
Box 437.605982 578.56 523.33611 627.2
Box 499.024174 618.24 545.0885000000001 669.44
Box 500.304288 578.56 563.0019120000001 618.24
Box 538.690658 606.72 571.958618 656.64
