Box 0.0 351.003562 115.428352 436.753562
Box 22.856704 0.0 205.714432 50.306438
Box 25.143296 14.863562 330.28608 97.183562
Box 112.0 112.04643800000001 363.428864 380.73
Box 196.571136 0.0 297.143296 48.02
Box 291.428352 40.016438 528.0 90.32356200000001
Box 298.28608 29.726438 455.999488 48.02
Box 306.285568 169.213562 486.856704 404.73999999999995
Box 321.142784 18.293562 434.285568 34.300000000000004
Box 332.571648 14.863562 384.0 25.153561999999997
Box 453.71392 17.150000000000002 530.285568 40.016438
Box 466.285568 147.49 637.714432 369.29643799999997
Box 477.714432 196.653562 556.571648 277.83000000000004
Box 482.285568 29.726438 524.571648 44.59
Box 485.71392 308.7 565.71392 408.16999999999996
Box 485.71392 251.53356200000002 568.000512 340.713562
Box 525.714432 10.29 690.285568 93.753562
Box 561.142784 204.656438 635.428864 408.16999999999996
Box 723.428352 148.633562 902.856704 420.746438
