Box 106.329088 506.354268 432.252928 693.636433
Box 0.0 346.817835 298.184704 619.648323
Box 94.772224 196.53048800000002 423.007232 471.672866
Box 321.30048 154.91189 469.236736 265.894055
Box 323.611648 277.454268 538.582016 534.1
Box 418.383872 416.182165 640.288768 670.515244
Box 492.352512 92.484756 661.092352 284.390701
Box 540.894208 272.830488 776.66816 587.278811
Box 656.470016 41.617835 938.474496 275.142378
Box 739.684352 443.92713399999997 1000.885248 656.642378
Box 741.99552 337.569512 894.555136 462.42454299999997
Box 792.848384 254.333079 1021.688832 467.04832300000004
