Box 0.0 474.00038399999994 199.000064 605.9996160000001
Box 240.0 511.00032 545.999872 633.000192
Box 346.999808 317.999616 533.999616 525.000192
Box 455.000064 300.99993600000005 654.000128 432.0
Box 517.000192 531.999744 638.999552 669.000192
Box 636.99968 346.000128 716.99968 429.000192
Box 664.000512 365.999616 892.99968 587.000064
Box 664.999936 536.000256 817.000448 661.9998720000001
Box 716.99968 520.99968 752.0 529.9998720000001
Box 824.000512 516.999936 940.000256 622.0001279999999
Box 922.000384 528.0 1022.999552 636.999936
Box 944.0 427.00032 1022.999552 536.000256
