Box 104.296448 340.384768 313.836544 590.696448
Box 0.0 470.281216 161.184768 902.636544
Box 98.607104 84.384768 277.807104 204.8
Box 125.155328 178.251776 306.251776 292.02944
Box 132.74112 272.118784 304.355328 369.777664
Box 293.925888 270.222336 404.85888 465.54112
Box 355.555328 355.555328 451.318784 468.384768
Box 382.103552 247.467008 530.963456 345.125888
Box 394.42944 325.215232 506.310656 408.651776
Box 412.444672 532.85888 661.807104 1023.051776
Box 438.992896 402.963456 494.932992 521.481216
Box 479.763456 292.02944 601.125888 764.207104
Box 567.94112 284.444672 621.036544 357.451776
Box 569.836544 314.784768 631.467008 475.97056
Box 582.163456 455.110656 741.451776 833.422336
Box 606.815232 267.377664 714.903552 447.525888
Box 629.57056 293.925888 845.748224 498.725888
Box 635.25888 43.615232 731.022336 309.096448
Box 711.110656 24.651776 902.636544 296.77056
Box 769.896448 302.45888 1023.051776 640.948224
Box 806.874112 57.836544 959.525888 220.918784
Box 868.503552 0.0 1023.051776 275.910656
Box 890.310656 426.667008 1023.051776 718.696448
