Box 80.0 0.0 936.32 723.84
Box 96.0 13.440000000000001 392.32 154.880256
Box 101.76 390.39974400000006 397.44 525.440256
Box 101.76 521.600256 397.44 657.2797439999999
Box 106.88 152.31974400000001 385.92 279.03974400000004
Box 106.88 276.48 391.04 394.23974400000003
Box 391.04 156.15974400000002 651.52 276.48
Box 392.32 283.520256 652.8 399.36
Box 392.32 35.840256 655.36 169.599744
Box 394.88 399.36 657.28 519.680256
Box 397.44 514.5600000000001 661.12 641.919744
Box 651.52 284.79974400000003 900.48 395.52
Box 654.08 170.88 899.2 287.36025600000005
Box 657.28 53.120256000000005 903.04 170.88
Box 657.28 396.800256 905.6 509.43974399999996
Box 662.4 514.5600000000001 905.6 631.040256
