Box 292.085667 415.200256 372.90947100000005 443.200512
Box 301.688448 627.2 460.13535600000006 757.600256
Box 305.690004 512.799744 451.33275 600.800256
Box 312.091404 795.200512 472.93883700000004 927.200256
Box 376.910346 409.6 457.73415 435.999744
Box 396.116589 386.400256 443.330319 403.999744
Box 413.72180099999997 161.600512 457.73415 223.200256
Box 458.53432499999997 525.599744 613.780533 604.8
Box 460.13535600000006 632.800256 625.7838390000001 763.200512
Box 470.538312 250.399744 502.54735500000004 275.2
Box 470.538312 805.600256 553.762641 902.4
Box 472.93883700000004 185.6 518.552217 254.399488
Box 521.752917 184.000512 555.362991 272.0
Box 555.362991 213.600256 583.371159 270.399488
Box 558.564372 152.000512 583.371159 217.6
Box 572.968203 127.200256 634.586445 268.000256
