Box 16.64 558.36131 120.32 647.903825
Box 66.56 264.790175 82.56 287.17529
Box 69.12 177.166345 137.6 260.95212000000004
Box 80.0 254.55627499999997 124.16 287.17529
Box 87.68 558.36131 158.72 684.36021
Box 107.52 220.018575 145.28 264.790175
Box 124.16 237.287425 183.68 273.74449500000003
Box 124.16 273.74449500000003 211.2 347.297055
Box 233.6 184.841085 251.52 227.05420999999998
Box 237.44 133.674325 289.92 186.12066499999997
Box 240.0 394.626445 535.04 558.36131
Box 250.24 196.35388 277.76 227.05420999999998
Box 251.52 184.841085 284.16 200.83104
Box 262.4 390.78907499999997 617.6 570.51321
Box 280.32 197.632775 313.6 232.17116000000001
Box 281.6 171.409605 325.12 228.333105
Box 492.8 411.89529500000003 612.48 461.78315999999995
Box 492.8 354.971795 662.4 437.47867499999995
