Box 0.0 80.64 76.16 186.24
Box 0.0 11.52 97.28 56.960256
Box 36.48 93.440256 444.16 343.68
Box 48.64 336.63974399999995 458.24 538.880256
Box 97.28 92.16 113.28 117.759744
Box 103.04 17.28 217.6 60.800256000000005
Box 238.72 40.959744 524.8 166.400256
Box 288.0 0.0 401.92 35.840256
Box 417.28 0.0 482.56 18.560256000000003
Box 420.48 15.999744 486.4 46.08
Box 440.32 87.039744 864.64 353.919744
Box 458.24 347.52 849.92 543.36
Box 487.68 0.0 547.2 19.839744
Box 494.08 18.560256000000003 547.2 67.19999999999999
Box 564.48 3.84 632.96 71.03999999999999
Box 589.44 79.35974399999999 699.52 101.76
Box 634.24 7.68 693.76 69.759744
Box 723.2 59.519999999999996 766.72 101.76
Box 764.16 0.0 808.96 60.800256000000005
Box 765.44 63.99974400000001 1020.8 338.55974399999997
Box 785.28 67.19999999999999 811.52 81.279744
Box 838.4 316.79999999999995 1023.36 542.079744
Box 876.8 40.959744 988.8 75.519744
Box 893.44 0.0 1002.24 35.840256
