Box 0.0 123.0 227.84 432.421875
Box 62.72 392.0625 101.76 448.437705
Box 94.08 381.17208 128.0 431.14083000000005
Box 121.6 377.32833 159.36 414.48416999999995
Box 150.4 369.64083 181.76 409.359375
Box 183.04 358.10958 216.96 404.87479499999995
Box 222.72 365.79708 295.68 452.281455
Box 230.4 298.531455 389.12 412.562295
Box 232.96 189.624795 331.52 308.14083
Box 332.8 232.546875 395.52 331.20333
Box 360.32 199.875 435.2 299.8125
Box 430.08 331.20333 736.64 438.82833
Box 435.2 231.906045 640.0 348.500205
Box 601.6 206.92166999999998 663.04 288.28125
Box 650.24 137.093955 874.24 314.54667
Box 672.64 122.35916999999999 716.8 201.156045
Box 771.2 359.390625 814.08 419.60958
Box 899.2 327.35958 1023.36 569.51583
