Box 576.0 277.759872 717.44 388.47974400000004
Box 0.0 129.920256 472.32 424.96012800000005
Box 297.6 284.799744 401.28 366.080256
Box 298.88 378.240192 414.08 467.19993600000004
Box 313.6 471.040128 433.92 547.1999999999999
Box 391.04 278.399808 487.68 355.84012800000005
Box 419.84 358.399872 520.96 480.63974399999995
Box 428.8 476.16019200000005 522.24 549.759744
Box 487.68 211.20019200000002 581.12 296.960256
Box 492.8 298.24012799999997 568.96 363.519936
Box 501.12 367.360128 615.04 476.16019200000005
Box 519.04 469.76025599999997 627.2 544.640256
Box 552.32 161.28000000000003 679.68 231.039936
Box 565.12 81.27993599999999 687.36 169.599744
Box 581.12 228.480192 676.48 295.03987199999995
Box 617.6 391.040064 698.88 465.92006399999997
Box 621.44 468.479808 721.28 534.400128
Box 640.0 9.600192 792.32 92.16
Box 673.92 158.720256 752.64 220.79980799999998
Box 673.92 223.360128 805.12 318.719808
Box 675.2 81.27993599999999 767.36 162.55987199999998
Box 701.44 387.19987199999997 800.0 471.040128
Box 713.6 456.95980799999995 810.88 528.640128
Box 723.84 317.439936 806.4 389.760192
Box 762.24 82.55980799999999 849.92 151.039872
Box 771.2 145.919808 917.12 240.000192
Box 793.6 376.959744 886.4 455.679936
Box 797.44 449.919936 888.32 515.840256
Box 810.88 228.480192 902.4 318.719808
Box 812.16 302.079744 903.68 379.520064
