Box 60.16 319.359744 206.08 453.12
Box 60.16 231.039744 207.36 338.55974399999997
Box 115.84 427.520256 441.6 606.080256
Box 163.84 24.96 400.64 191.360256
Box 196.48 327.680256 430.72 491.52
Box 206.08 117.759744 426.88 261.12
Box 207.36 241.92000000000002 418.56 367.359744
Box 330.24 75.519744 728.32 236.79974400000003
Box 343.68 473.60025599999994 777.6 723.84
Box 420.48 303.99974399999996 510.08 433.91999999999996
Box 420.48 204.159744 719.36 348.159744
Box 433.28 421.76025599999997 510.08 494.72025600000006
Box 502.4 317.439744 787.84 502.400256
Box 508.8 451.20000000000005 778.88 558.080256
Box 711.04 243.84 852.48 352.640256
Box 720.64 117.759744 893.44 257.919744
Box 775.68 360.96 874.88 515.840256
