Box 0.0 583.04 25.628209000000002 686.08
Box 57.023669999999996 574.08 133.90898 663.68
Box 111.484041 540.8 193.495266 649.6
Box 167.226403 824.96 312.667838 1004.8
Box 181.321474 695.68 331.889507 835.2
Box 181.321474 590.08 407.493509 686.08
Box 263.974036 577.92 317.793753 595.2
Box 305.619961 753.28 682.359346 1023.36
Box 317.793753 461.44 579.20449 625.92
Box 408.774817 619.52 682.359346 694.4
Box 431.84041 439.68 577.282528 478.08
Box 584.330405 390.4 682.359346 483.2
Box 596.503514 482.56 682.359346 627.2
Box 649.041923 348.8 682.359346 373.76
