Box 0.0 226.17135199999998 26.24 317.793753
Box 0.0 312.667838 30.08 397.883016
Box 0.0 447.858126 53.76 525.384773
Box 0.0 469.00175700000005 179.2 669.5449
Box 2.56 344.062616 295.04 544.605759
Box 14.08 283.835676 95.36 362.643631
Box 32.64 248.596291 83.84 289.602245
Box 41.6 151.848658 103.68 247.955637
Box 41.6 85.855832 211.2 181.96281100000002
Box 77.44 217.201513 213.76 289.602245
Box 88.96 269.099268 220.16 350.469839
Box 100.48 178.11820400000002 202.88 221.68677399999999
Box 137.6 285.116984 238.72 359.439678
Box 195.2 346.62591499999996 241.28 371.61346999999995
Box 221.44 199.261835 478.72 338.937384
Box 240.0 319.075061 487.68 447.858126
Box 397.44 360.721669 750.08 579.20449
Box 469.76 216.560859 766.08 391.475793
Box 830.08 476.690288 1023.36 682.359346
Box 923.52 398.52367 1023.36 498.474573
