Box 195.2 540.059559 430.08 680.359179
Box 221.44 466.38557399999996 351.36 509.94914400000005
Box 245.12 408.72802800000005 396.16 509.94914400000005
Box 373.76 473.432562 451.2 570.169293
Box 451.2 478.557768 467.84 540.059559
Box 574.72 388.22788499999996 596.48 420.259401
Box 576.0 417.69679799999994 591.36 450.369816
Box 588.8 423.46282499999995 609.92 479.83941
Box 611.2 410.00966999999997 632.32 454.854201
Box 627.2 454.854201 732.16 526.605723
Box 633.6 417.69679799999994 675.2 450.369816
Box 649.6 354.914727 677.12 363.883497
Box 682.24 484.963935 805.12 577.857102
Box 778.88 475.35434399999997 919.68 565.044087
