Ball 33.28 608.036652 72.32 645.197999
Ball 124.8 571.515959 159.36 602.910737
Ball 208.64 391.475793 225.92 404.289556
Ball 234.88 391.475793 250.88 404.289556
Ball 389.76 496.552611 417.28 526.666081
Ball 405.76 362.643631 418.56 372.894778
Ball 424.32 388.912494 439.68 403.00824800000004
Ball 454.4 362.643631 465.92 375.45807699999995
Ball 464.64 363.924939 479.36 372.894778
Ball 480.64 369.050854 490.88 379.302001
Ball 492.16 363.924939 503.04 379.302001
Ball 508.16 353.03313799999995 518.4 366.487555
Ball 531.84 357.517716 538.24 370.332162
Ball 551.68 484.37881899999996 573.44 509.367057
Ball 568.32 350.469839 584.32 361.362323
Ball 615.68 492.708004 639.36 518.9775500000001
Ball 643.2 461.313226 663.04 480.534895
Ball 678.4 536.917228 705.92 572.797267
