Ball 197.80404000000001 186.88 236.21224 207.36
Ball 269.499588 199.04 281.662064 209.28
Ball 546.0408 914.56 556.283228 928.64
Ball 570.365752 914.56 584.4490000000001 931.84
Ball 580.6081800000001 938.88 596.6121999999999 949.12
Ball 601.7330519999999 936.96 611.97548 952.96
Ball 608.774676 919.68 620.937152 933.76
Ball 617.736348 936.96 624.777972 952.96
Ball 620.937152 895.36 631.17958 907.52
Ball 629.899548 952.96 647.182876 970.24
Ball 631.17958 914.56 640.141252 926.72
Ball 675.349372 898.56 687.511848 915.84
