Ball 0.0 381.490176 70.274048 465.149952
Ball 321.255424 199.110656 379.81696 250.980352
Ball 416.627712 846.640128 518.692864 950.37952
Ball 435.033088 194.091008 493.594624 257.673216
Ball 582.274048 503.63392 657.568768 578.927616
Ball 597.332992 50.19648 649.202688 108.758016
Ball 624.104448 256.0 682.667008 321.255424
Ball 630.797312 80.313344 682.667008 135.529472
Ball 650.875904 113.777664 704.417792 174.01344
Ball 762.980352 244.287488 829.908992 319.581184
Ball 826.56256 122.143744 886.797312 182.37952
Ball 856.679424 175.686656 923.608064 237.594624
Ball 890.143744 408.261632 960.417792 485.228544
Ball 943.686656 182.37952 1008.941056 244.287488
