Ball 0.0 631.102245 49.92 662.497023
Ball 0.0 582.40776 62.72 603.5513910000001
Ball 0.0 517.0555880000001 78.72 548.450366
Ball 11.52 445.936164 97.92 490.786042
Ball 32.64 355.59575400000006 127.36 395.96037099999995
Ball 41.6 259.48877500000003 166.4 314.5898
Ball 65.28 109.562079 204.16 178.11820400000002
Ball 131.2 0.0 209.92 16.658369999999998
Ball 293.76 678.514739 361.6 682.359346
Ball 330.24 632.383553 403.84 661.215715
Ball 361.6 577.282528 440.32 611.239922
Ball 406.4 517.0555880000001 483.84 556.1388969999999
Ball 457.6 447.21747200000004 551.04 485.660127
Ball 516.48 360.721669 616.32 406.85285500000003
Ball 600.96 254.36285999999998 713.6 300.494046
Ball 621.44 672.108199 687.36 682.359346
Ball 676.48 628.539629 743.68 658.653099
Ball 692.48 120.45388 827.52 183.244119
Ball 730.88 573.437921 816.0 608.677306
Ball 812.16 515.773597 892.16 558.701513
Ball 847.36 0.0 917.12 14.095754
Ball 892.16 440.81024899999994 991.36 486.942118
Ball 928.64 672.108199 1008.64 682.359346
Ball 1007.36 363.284285 1023.36 397.24167900000003
