Ball 5.76 10.239117 480.64 79.991953
Ball 9.6 215.01793800000002 500.48 279.651411
Ball 22.4 117.10801900000001 490.88 179.82168199999998
Ball 80.64 318.687287 504.32 385.880637
Ball 535.68 117.10801900000001 992.0 178.54154799999998
Ball 536.96 8.958983 1018.24 69.752836
Ball 536.96 225.896731 1023.36 284.770774
Ball 538.24 321.247164 610.56 383.32076
Ball 609.28 319.967421 688.0 383.32076
Ball 688.0 322.526907 759.68 383.32076
Ball 762.88 319.967421 840.32 387.16038
Ball 949.12 321.247164 1018.24 388.440123
