Ball 297.8304 871.738368 353.045504 940.340224
Ball 379.81696 189.072384 389.856256 195.764224
Ball 386.509824 160.627712 401.568768 180.706304
Ball 428.340224 185.725952 443.399168 199.110656
Ball 458.457088 174.01344 473.516032 194.091008
Ball 470.1696 851.659776 523.712512 916.9152
Ball 473.516032 142.222336 483.555328 152.261632
Ball 473.516032 811.503616 523.712512 843.293696
Ball 503.63392 174.01344 515.346432 185.725952
Ball 510.326784 179.033088 525.385728 189.072384
Ball 530.405376 170.667008 540.444672 185.725952
Ball 548.810752 337.98656 573.908992 358.065152
Ball 652.54912 841.62048 701.072384 908.54912
Ball 844.966912 629.124096 890.143744 672.627712
Ball 853.332992 486.90176 880.104448 527.058944
